100.240480 0.000000 0.000000 0.000000 0.000000 0.000000 0.000000 0.000000 0.000000 0.000000 0.000000 0.000000 0.000000 0.000000 0.000000 0.000000 0.000000 0.000000 0.000000 0.000000 0.000000 0.000000 0.000000 0.000000 0.000000 0.000000 0.000000 0.000000 0.000000 0.000000 0.000000 0.000000 0.000000 0.000000 0.000000 0.000000 0.000000 0.000000 0.000000 0.000000 0.000000 0.000000 0.000000 0.000000 0.000000 0.000000 0.000000 0.000000 0.000000 0.000000 0.000000 0.000000 0.000000 0.000000 0.000000 0.000000 0.000000 0.000000 0.000000 0.000000 0.000000 0.000000 0.000000 0.000000 0.000000 0.000000 0.000000 0.000000 0.000000 0.000000 0.000000 0.000000 0.000000 0.000000 0.000000 0.000000 0.000000 0.000000 0.000000 0.000000 0.000000 0.000000 0.000000 0.000000 0.000000 0.000000 0.000000 0.000000 0.000000 0.000000 0.000000 0.000000 0.000000 0.000000 0.000000 0.000000 0.000000 0.000000 0.000000 0.000000
0.423419 100.719042 0.000000 0.000000 0.000000 0.000000 0.000000 0.000000 0.000000 0.000000 0.000000 0.000000 0.000000 0.000000 0.000000 0.000000 0.000000 0.000000 0.000000 0.000000 0.000000 0.000000 0.000000 0.000000 0.000000 0.000000 0.000000 0.000000 0.000000 0.000000 0.000000 0.000000 0.000000 0.000000 0.000000 0.000000 0.000000 0.000000 0.000000 0.000000 0.000000 0.000000 0.000000 0.000000 0.000000 0.000000 0.000000 0.000000 0.000000 0.000000 0.000000 0.000000 0.000000 0.000000 0.000000 0.000000 0.000000 0.000000 0.000000 0.000000 0.000000 0.000000 0.000000 0.000000 0.000000 0.000000 0.000000 0.000000 0.000000 0.000000 0.000000 0.000000 0.000000 0.000000 0.000000 0.000000 0.000000 0.000000 0.000000 0.000000 0.000000 0.000000 0.000000 0.000000 0.000000 0.000000 0.000000 0.000000 0.000000 0.000000 0.000000 0.000000 0.000000 0.000000 0.000000 0.000000 0.000000 0.000000 0.000000 0.000000
0.251187 0.323668 100.767017 0.000000 0.000000 0.000000 0.000000 0.000000 0.000000 0.000000 0.000000 0.000000 0.000000 0.000000 0.000000 0.000000 0.000000 0.000000 0.000000 0.000000 0.000000 0.000000 0.000000 0.000000 0.000000 0.000000 0.000000 0.000000 0.000000 0.000000 0.000000 0.000000 0.000000 0.000000 0.000000 0.000000 0.000000 0.000000 0.000000 0.000000 0.000000 0.000000 0.000000 0.000000 0.000000 0.000000 0.000000 0.000000 0.000000 0.000000 0.000000 0.000000 0.000000 0.000000 0.000000 0.000000 0.000000 0.000000 0.000000 0.000000 0.000000 0.000000 0.000000 0.000000 0.000000 0.000000 0.000000 0.000000 0.000000 0.000000 0.000000 0.000000 0.000000 0.000000 0.000000 0.000000 0.000000 0.000000 0.000000 0.000000 0.000000 0.000000 0.000000 0.000000 0.000000 0.000000 0.000000 0.000000 0.000000 0.000000 0.000000 0.000000 0.000000 0.000000 0.000000 0.000000 0.000000 0.000000 0.000000 0.000000
0.549018 0.316991 0.090606 100.709952 0.000000 0.000000 0.000000 0.000000 0.000000 0.000000 0.000000 0.000000 0.000000 0.000000 0.000000 0.000000 0.000000 0.000000 0.000000 0.000000 0.000000 0.000000 0.000000 0.000000 0.000000 0.000000 0.000000 0.000000 0.000000 0.000000 0.000000 0.000000 0.000000 0.000000 0.000000 0.000000 0.000000 0.000000 0.000000 0.000000 0.000000 0.000000 0.000000 0.000000 0.000000 0.000000 0.000000 0.000000 0.000000 0.000000 0.000000 0.000000 0.000000 0.000000 0.000000 0.000000 0.000000 0.000000 0.000000 0.000000 0.000000 0.000000 0.000000 0.000000 0.000000 0.000000 0.000000 0.000000 0.000000 0.000000 0.000000 0.000000 0.000000 0.000000 0.000000 0.000000 0.000000 0.000000 0.000000 0.000000 0.000000 0.000000 0.000000 0.000000 0.000000 0.000000 0.000000 0.000000 0.000000 0.000000 0.000000 0.000000 0.000000 0.000000 0.000000 0.000000 0.000000 0.000000 0.000000 0.000000
0.651975 0.356100 0.633109 0.497457 100.533144 0.000000 0.000000 0.000000 0.000000 0.000000 0.000000 0.000000 0.000000 0.000000 0.000000 0.000000 0.000000 0.000000 0.000000 0.000000 0.000000 0.000000 0.000000 0.000000 0.000000 0.000000 0.000000 0.000000 0.000000 0.000000 0.000000 0.000000 0.000000 0.000000 0.000000 0.000000 0.000000 0.000000 0.000000 0.000000 0.000000 0.000000 0.000000 0.000000 0.000000 0.000000 0.000000 0.000000 0.000000 0.000000 0.000000 0.000000 0.000000 0.000000 0.000000 0.000000 0.000000 0.000000 0.000000 0.000000 0.000000 0.000000 0.000000 0.000000 0.000000 0.000000 0.000000 0.000000 0.000000 0.000000 0.000000 0.000000 0.000000 0.000000 0.000000 0.000000 0.000000 0.000000 0.000000 0.000000 0.000000 0.000000 0.000000 0.000000 0.000000 0.000000 0.000000 0.000000 0.000000 0.000000 0.000000 0.000000 0.000000 0.000000 0.000000 0.000000 0.000000 0.000000 0.000000 0.000000
0.419857 0.631924 0.323246 0.888316 0.685448 100.763188 0.000000 0.000000 0.000000 0.000000 0.000000 0.000000 0.000000 0.000000 0.000000 0.000000 0.000000 0.000000 0.000000 0.000000 0.000000 0.000000 0.000000 0.000000 0.000000 0.000000 0.000000 0.000000 0.000000 0.000000 0.000000 0.000000 0.000000 0.000000 0.000000 0.000000 0.000000 0.000000 0.000000 0.000000 0.000000 0.000000 0.000000 0.000000 0.000000 0.000000 0.000000 0.000000 0.000000 0.000000 0.000000 0.000000 0.000000 0.000000 0.000000 0.000000 0.000000 0.000000 0.000000 0.000000 0.000000 0.000000 0.000000 0.000000 0.000000 0.000000 0.000000 0.000000 0.000000 0.000000 0.000000 0.000000 0.000000 0.000000 0.000000 0.000000 0.000000 0.000000 0.000000 0.000000 0.000000 0.000000 0.000000 0.000000 0.000000 0.000000 0.000000 0.000000 0.000000 0.000000 0.000000 0.000000 0.000000 0.000000 0.000000 0.000000 0.000000 0.000000 0.000000 0.000000
0.738518 0.336513 0.592023 0.785829 0.181872 0.205878 99.992759 0.000000 0.000000 0.000000 0.000000 0.000000 0.000000 0.000000 0.000000 0.000000 0.000000 0.000000 0.000000 0.000000 0.000000 0.000000 0.000000 0.000000 0.000000 0.000000 0.000000 0.000000 0.000000 0.000000 0.000000 0.000000 0.000000 0.000000 0.000000 0.000000 0.000000 0.000000 0.000000 0.000000 0.000000 0.000000 0.000000 0.000000 0.000000 0.000000 0.000000 0.000000 0.000000 0.000000 0.000000 0.000000 0.000000 0.000000 0.000000 0.000000 0.000000 0.000000 0.000000 0.000000 0.000000 0.000000 0.000000 0.000000 0.000000 0.000000 0.000000 0.000000 0.000000 0.000000 0.000000 0.000000 0.000000 0.000000 0.000000 0.000000 0.000000 0.000000 0.000000 0.000000 0.000000 0.000000 0.000000 0.000000 0.000000 0.000000 0.000000 0.000000 0.000000 0.000000 0.000000 0.000000 0.000000 0.000000 0.000000 0.000000 0.000000 0.000000 0.000000 0.000000
0.588152 0.320257 0.983708 0.572604 -0.004630 0.787080 0.573040 100.111154 0.000000 0.000000 0.000000 0.000000 0.000000 0.000000 0.000000 0.000000 0.000000 0.000000 0.000000 0.000000 0.000000 0.000000 0.000000 0.000000 0.000000 0.000000 0.000000 0.000000 0.000000 0.000000 0.000000 0.000000 0.000000 0.000000 0.000000 0.000000 0.000000 0.000000 0.000000 0.000000 0.000000 0.000000 0.000000 0.000000 0.000000 0.000000 0.000000 0.000000 0.000000 0.000000 0.000000 0.000000 0.000000 0.000000 0.000000 0.000000 0.000000 0.000000 0.000000 0.000000 0.000000 0.000000 0.000000 0.000000 0.000000 0.000000 0.000000 0.000000 0.000000 0.000000 0.000000 0.000000 0.000000 0.000000 0.000000 0.000000 0.000000 0.000000 0.000000 0.000000 0.000000 0.000000 0.000000 0.000000 0.000000 0.000000 0.000000 0.000000 0.000000 0.000000 0.000000 0.000000 0.000000 0.000000 0.000000 0.000000 0.000000 0.000000 0.000000 0.000000
0.090257 0.938782 0.133189 0.845756 0.381259 -0.003751 0.761732 0.214320 100.340004 0.000000 0.000000 0.000000 0.000000 0.000000 0.000000 0.000000 0.000000 0.000000 0.000000 0.000000 0.000000 0.000000 0.000000 0.000000 0.000000 0.000000 0.000000 0.000000 0.000000 0.000000 0.000000 0.000000 0.000000 0.000000 0.000000 0.000000 0.000000 0.000000 0.000000 0.000000 0.000000 0.000000 0.000000 0.000000 0.000000 0.000000 0.000000 0.000000 0.000000 0.000000 0.000000 0.000000 0.000000 0.000000 0.000000 0.000000 0.000000 0.000000 0.000000 0.000000 0.000000 0.000000 0.000000 0.000000 0.000000 0.000000 0.000000 0.000000 0.000000 0.000000 0.000000 0.000000 0.000000 0.000000 0.000000 0.000000 0.000000 0.000000 0.000000 0.000000 0.000000 0.000000 0.000000 0.000000 0.000000 0.000000 0.000000 0.000000 0.000000 0.000000 0.000000 0.000000 0.000000 0.000000 0.000000 0.000000 0.000000 0.000000 0.000000 0.000000
0.146621 0.987767 0.560698 0.487093 0.118224 0.876467 0.335572 0.341893 0.188822 100.591313 0.000000 0.000000 0.000000 0.000000 0.000000 0.000000 0.000000 0.000000 0.000000 0.000000 0.000000 0.000000 0.000000 0.000000 0.000000 0.000000 0.000000 0.000000 0.000000 0.000000 0.000000 0.000000 0.000000 0.000000 0.000000 0.000000 0.000000 0.000000 0.000000 0.000000 0.000000 0.000000 0.000000 0.000000 0.000000 0.000000 0.000000 0.000000 0.000000 0.000000 0.000000 0.000000 0.000000 0.000000 0.000000 0.000000 0.000000 0.000000 0.000000 0.000000 0.000000 0.000000 0.000000 0.000000 0.000000 0.000000 0.000000 0.000000 0.000000 0.000000 0.000000 0.000000 0.000000 0.000000 0.000000 0.000000 0.000000 0.000000 0.000000 0.000000 0.000000 0.000000 0.000000 0.000000 0.000000 0.000000 0.000000 0.000000 0.000000 0.000000 0.000000 0.000000 0.000000 0.000000 0.000000 0.000000 0.000000 0.000000 0.000000 0.000000
0.529445 0.036200 0.301424 0.461474 0.459738 0.213732 0.555887 0.677358 0.791005 0.048711 100.062636 0.000000 0.000000 0.000000 0.000000 0.000000 0.000000 0.000000 0.000000 0.000000 0.000000 0.000000 0.000000 0.000000 0.000000 0.000000 0.000000 0.000000 0.000000 0.000000 0.000000 0.000000 0.000000 0.000000 0.000000 0.000000 0.000000 0.000000 0.000000 0.000000 0.000000 0.000000 0.000000 0.000000 0.000000 0.000000 0.000000 0.000000 0.000000 0.000000 0.000000 0.000000 0.000000 0.000000 0.000000 0.000000 0.000000 0.000000 0.000000 0.000000 0.000000 0.000000 0.000000 0.000000 0.000000 0.000000 0.000000 0.000000 0.000000 0.000000 0.000000 0.000000 0.000000 0.000000 0.000000 0.000000 0.000000 0.000000 0.000000 0.000000 0.000000 0.000000 0.000000 0.000000 0.000000 0.000000 0.000000 0.000000 0.000000 0.000000 0.000000 0.000000 0.000000 0.000000 0.000000 0.000000 0.000000 0.000000 0.000000 0.000000
0.603870 0.772663 0.182319 0.097765 0.281886 0.921100 0.402021 0.660295 0.605795 0.760015 0.689128 100.821256 0.000000 0.000000 0.000000 0.000000 0.000000 0.000000 0.000000 0.000000 0.000000 0.000000 0.000000 0.000000 0.000000 0.000000 0.000000 0.000000 0.000000 0.000000 0.000000 0.000000 0.000000 0.000000 0.000000 0.000000 0.000000 0.000000 0.000000 0.000000 0.000000 0.000000 0.000000 0.000000 0.000000 0.000000 0.000000 0.000000 0.000000 0.000000 0.000000 0.000000 0.000000 0.000000 0.000000 0.000000 0.000000 0.000000 0.000000 0.000000 0.000000 0.000000 0.000000 0.000000 0.000000 0.000000 0.000000 0.000000 0.000000 0.000000 0.000000 0.000000 0.000000 0.000000 0.000000 0.000000 0.000000 0.000000 0.000000 0.000000 0.000000 0.000000 0.000000 0.000000 0.000000 0.000000 0.000000 0.000000 0.000000 0.000000 0.000000 0.000000 0.000000 0.000000 0.000000 0.000000 0.000000 0.000000 0.000000 0.000000
0.744042 0.990244 0.719320 0.499534 0.667997 0.755385 0.889656 0.256218 0.901318 0.106550 0.912163 0.890857 100.917650 0.000000 0.000000 0.000000 0.000000 0.000000 0.000000 0.000000 0.000000 0.000000 0.000000 0.000000 0.000000 0.000000 0.000000 0.000000 0.000000 0.000000 0.000000 0.000000 0.000000 0.000000 0.000000 0.000000 0.000000 0.000000 0.000000 0.000000 0.000000 0.000000 0.000000 0.000000 0.000000 0.000000 0.000000 0.000000 0.000000 0.000000 0.000000 0.000000 0.000000 0.000000 0.000000 0.000000 0.000000 0.000000 0.000000 0.000000 0.000000 0.000000 0.000000 0.000000 0.000000 0.000000 0.000000 0.000000 0.000000 0.000000 0.000000 0.000000 0.000000 0.000000 0.000000 0.000000 0.000000 0.000000 0.000000 0.000000 0.000000 0.000000 0.000000 0.000000 0.000000 0.000000 0.000000 0.000000 0.000000 0.000000 0.000000 0.000000 0.000000 0.000000 0.000000 0.000000 0.000000 0.000000 0.000000 0.000000
0.352267 0.031416 0.488812 0.669428 0.603296 0.111194 0.905957 0.858425 0.043826 0.568344 0.844118 0.724137 0.432625 100.856327 0.000000 0.000000 0.000000 0.000000 0.000000 0.000000 0.000000 0.000000 0.000000 0.000000 0.000000 0.000000 0.000000 0.000000 0.000000 0.000000 0.000000 0.000000 0.000000 0.000000 0.000000 0.000000 0.000000 0.000000 0.000000 0.000000 0.000000 0.000000 0.000000 0.000000 0.000000 0.000000 0.000000 0.000000 0.000000 0.000000 0.000000 0.000000 0.000000 0.000000 0.000000 0.000000 0.000000 0.000000 0.000000 0.000000 0.000000 0.000000 0.000000 0.000000 0.000000 0.000000 0.000000 0.000000 0.000000 0.000000 0.000000 0.000000 0.000000 0.000000 0.000000 0.000000 0.000000 0.000000 0.000000 0.000000 0.000000 0.000000 0.000000 0.000000 0.000000 0.000000 0.000000 0.000000 0.000000 0.000000 0.000000 0.000000 0.000000 0.000000 0.000000 0.000000 0.000000 0.000000 0.000000 0.000000
0.361553 0.255216 0.282029 0.850364 0.548195 0.614517 0.370155 0.424669 0.520959 0.438511 0.104216 0.478866 0.283664 0.612615 100.890884 0.000000 0.000000 0.000000 0.000000 0.000000 0.000000 0.000000 0.000000 0.000000 0.000000 0.000000 0.000000 0.000000 0.000000 0.000000 0.000000 0.000000 0.000000 0.000000 0.000000 0.000000 0.000000 0.000000 0.000000 0.000000 0.000000 0.000000 0.000000 0.000000 0.000000 0.000000 0.000000 0.000000 0.000000 0.000000 0.000000 0.000000 0.000000 0.000000 0.000000 0.000000 0.000000 0.000000 0.000000 0.000000 0.000000 0.000000 0.000000 0.000000 0.000000 0.000000 0.000000 0.000000 0.000000 0.000000 0.000000 0.000000 0.000000 0.000000 0.000000 0.000000 0.000000 0.000000 0.000000 0.000000 0.000000 0.000000 0.000000 0.000000 0.000000 0.000000 0.000000 0.000000 0.000000 0.000000 0.000000 0.000000 0.000000 0.000000 0.000000 0.000000 0.000000 0.000000 0.000000 0.000000
0.777918 0.485509 0.076701 0.073490 0.688961 0.255009 0.635470 0.235423 0.003039 0.066429 0.353819 0.954679 0.412874 0.048429 0.034298 100.338640 0.000000 0.000000 0.000000 0.000000 0.000000 0.000000 0.000000 0.000000 0.000000 0.000000 0.000000 0.000000 0.000000 0.000000 0.000000 0.000000 0.000000 0.000000 0.000000 0.000000 0.000000 0.000000 0.000000 0.000000 0.000000 0.000000 0.000000 0.000000 0.000000 0.000000 0.000000 0.000000 0.000000 0.000000 0.000000 0.000000 0.000000 0.000000 0.000000 0.000000 0.000000 0.000000 0.000000 0.000000 0.000000 0.000000 0.000000 0.000000 0.000000 0.000000 0.000000 0.000000 0.000000 0.000000 0.000000 0.000000 0.000000 0.000000 0.000000 0.000000 0.000000 0.000000 0.000000 0.000000 0.000000 0.000000 0.000000 0.000000 0.000000 0.000000 0.000000 0.000000 0.000000 0.000000 0.000000 0.000000 0.000000 0.000000 0.000000 0.000000 0.000000 0.000000 0.000000 0.000000
0.026004 0.637337 0.925029 0.279829 0.062662 0.442853 0.099881 0.785315 0.736461 0.701003 0.435437 0.339677 0.040504 0.091359 0.445268 0.266954 100.139584 0.000000 0.000000 0.000000 0.000000 0.000000 0.000000 0.000000 0.000000 0.000000 0.000000 0.000000 0.000000 0.000000 0.000000 0.000000 0.000000 0.000000 0.000000 0.000000 0.000000 0.000000 0.000000 0.000000 0.000000 0.000000 0.000000 0.000000 0.000000 0.000000 0.000000 0.000000 0.000000 0.000000 0.000000 0.000000 0.000000 0.000000 0.000000 0.000000 0.000000 0.000000 0.000000 0.000000 0.000000 0.000000 0.000000 0.000000 0.000000 0.000000 0.000000 0.000000 0.000000 0.000000 0.000000 0.000000 0.000000 0.000000 0.000000 0.000000 0.000000 0.000000 0.000000 0.000000 0.000000 0.000000 0.000000 0.000000 0.000000 0.000000 0.000000 0.000000 0.000000 0.000000 0.000000 0.000000 0.000000 0.000000 0.000000 0.000000 0.000000 0.000000 0.000000 0.000000
0.561101 0.989345 0.952979 0.129691 0.876472 0.259963 0.044371 0.059413 0.092404 0.619205 0.015791 0.418941 0.909828 0.131508 0.583695 0.698107 0.358354 100.529908 0.000000 0.000000 0.000000 0.000000 0.000000 0.000000 0.000000 0.000000 0.000000 0.000000 0.000000 0.000000 0.000000 0.000000 0.000000 0.000000 0.000000 0.000000 0.000000 0.000000 0.000000 0.000000 0.000000 0.000000 0.000000 0.000000 0.000000 0.000000 0.000000 0.000000 0.000000 0.000000 0.000000 0.000000 0.000000 0.000000 0.000000 0.000000 0.000000 0.000000 0.000000 0.000000 0.000000 0.000000 0.000000 0.000000 0.000000 0.000000 0.000000 0.000000 0.000000 0.000000 0.000000 0.000000 0.000000 0.000000 0.000000 0.000000 0.000000 0.000000 0.000000 0.000000 0.000000 0.000000 0.000000 0.000000 0.000000 0.000000 0.000000 0.000000 0.000000 0.000000 0.000000 0.000000 0.000000 0.000000 0.000000 0.000000 0.000000 0.000000 0.000000 0.000000
0.428056 0.415231 0.410900 0.278167 0.553986 0.914760 0.439337 0.082474 0.064197 0.457359 0.740924 0.714911 0.182767 0.651592 0.866478 0.104924 0.142288 0.304815 100.580452 0.000000 0.000000 0.000000 0.000000 0.000000 0.000000 0.000000 0.000000 0.000000 0.000000 0.000000 0.000000 0.000000 0.000000 0.000000 0.000000 0.000000 0.000000 0.000000 0.000000 0.000000 0.000000 0.000000 0.000000 0.000000 0.000000 0.000000 0.000000 0.000000 0.000000 0.000000 0.000000 0.000000 0.000000 0.000000 0.000000 0.000000 0.000000 0.000000 0.000000 0.000000 0.000000 0.000000 0.000000 0.000000 0.000000 0.000000 0.000000 0.000000 0.000000 0.000000 0.000000 0.000000 0.000000 0.000000 0.000000 0.000000 0.000000 0.000000 0.000000 0.000000 0.000000 0.000000 0.000000 0.000000 0.000000 0.000000 0.000000 0.000000 0.000000 0.000000 0.000000 0.000000 0.000000 0.000000 0.000000 0.000000 0.000000 0.000000 0.000000 0.000000
0.546206 0.177533 0.124756 0.598572 0.374080 0.540277 0.578791 0.756830 0.281033 0.917249 0.129174 0.309118 0.134637 0.276672 0.327674 0.209303 0.292318 0.350076 0.650362 100.121690 0.000000 0.000000 0.000000 0.000000 0.000000 0.000000 0.000000 0.000000 0.000000 0.000000 0.000000 0.000000 0.000000 0.000000 0.000000 0.000000 0.000000 0.000000 0.000000 0.000000 0.000000 0.000000 0.000000 0.000000 0.000000 0.000000 0.000000 0.000000 0.000000 0.000000 0.000000 0.000000 0.000000 0.000000 0.000000 0.000000 0.000000 0.000000 0.000000 0.000000 0.000000 0.000000 0.000000 0.000000 0.000000 0.000000 0.000000 0.000000 0.000000 0.000000 0.000000 0.000000 0.000000 0.000000 0.000000 0.000000 0.000000 0.000000 0.000000 0.000000 0.000000 0.000000 0.000000 0.000000 0.000000 0.000000 0.000000 0.000000 0.000000 0.000000 0.000000 0.000000 0.000000 0.000000 0.000000 0.000000 0.000000 0.000000 0.000000 0.000000
0.512132 0.933396 0.953629 0.755709 0.013519 0.309094 0.288273 0.363824 0.532643 0.851640 0.089133 0.162164 0.337465 0.873237 0.457192 0.553482 0.012195 0.233112 0.476990 0.735612 100.704070 0.000000 0.000000 0.000000 0.000000 0.000000 0.000000 0.000000 0.000000 0.000000 0.000000 0.000000 0.000000 0.000000 0.000000 0.000000 0.000000 0.000000 0.000000 0.000000 0.000000 0.000000 0.000000 0.000000 0.000000 0.000000 0.000000 0.000000 0.000000 0.000000 0.000000 0.000000 0.000000 0.000000 0.000000 0.000000 0.000000 0.000000 0.000000 0.000000 0.000000 0.000000 0.000000 0.000000 0.000000 0.000000 0.000000 0.000000 0.000000 0.000000 0.000000 0.000000 0.000000 0.000000 0.000000 0.000000 0.000000 0.000000 0.000000 0.000000 0.000000 0.000000 0.000000 0.000000 0.000000 0.000000 0.000000 0.000000 0.000000 0.000000 0.000000 0.000000 0.000000 0.000000 0.000000 0.000000 0.000000 0.000000 0.000000 0.000000
0.886836 0.268537 0.473386 0.733815 0.099521 0.304130 0.440046 0.509379 0.818330 0.324430 0.328024 0.882526 0.396181 -0.009607 0.082499 0.167416 0.861188 0.787846 0.222868 0.629129 0.503911 100.579988 0.000000 0.000000 0.000000 0.000000 0.000000 0.000000 0.000000 0.000000 0.000000 0.000000 0.000000 0.000000 0.000000 0.000000 0.000000 0.000000 0.000000 0.000000 0.000000 0.000000 0.000000 0.000000 0.000000 0.000000 0.000000 0.000000 0.000000 0.000000 0.000000 0.000000 0.000000 0.000000 0.000000 0.000000 0.000000 0.000000 0.000000 0.000000 0.000000 0.000000 0.000000 0.000000 0.000000 0.000000 0.000000 0.000000 0.000000 0.000000 0.000000 0.000000 0.000000 0.000000 0.000000 0.000000 0.000000 0.000000 0.000000 0.000000 0.000000 0.000000 0.000000 0.000000 0.000000 0.000000 0.000000 0.000000 0.000000 0.000000 0.000000 0.000000 0.000000 0.000000 0.000000 0.000000 0.000000 0.000000 0.000000 0.000000
0.904092 0.682538 0.172245 0.416528 0.333760 0.175351 0.429492 0.219703 0.832199 0.361015 0.284881 0.858644 0.741908 0.300078 0.221923 0.685777 0.120074 0.258791 0.085724 0.054596 0.410417 0.697984 100.884213 0.000000 0.000000 0.000000 0.000000 0.000000 0.000000 0.000000 0.000000 0.000000 0.000000 0.000000 0.000000 0.000000 0.000000 0.000000 0.000000 0.000000 0.000000 0.000000 0.000000 0.000000 0.000000 0.000000 0.000000 0.000000 0.000000 0.000000 0.000000 0.000000 0.000000 0.000000 0.000000 0.000000 0.000000 0.000000 0.000000 0.000000 0.000000 0.000000 0.000000 0.000000 0.000000 0.000000 0.000000 0.000000 0.000000 0.000000 0.000000 0.000000 0.000000 0.000000 0.000000 0.000000 0.000000 0.000000 0.000000 0.000000 0.000000 0.000000 0.000000 0.000000 0.000000 0.000000 0.000000 0.000000 0.000000 0.000000 0.000000 0.000000 0.000000 0.000000 0.000000 0.000000 0.000000 0.000000 0.000000 0.000000
0.899057 0.276864 0.644202 0.022250 0.729871 0.237610 0.464169 0.535444 0.409581 0.545630 0.309962 0.448199 0.920114 0.245764 0.500702 0.884321 0.534981 0.279273 0.263257 0.226794 0.614206 0.000531 0.785460 100.179821 0.000000 0.000000 0.000000 0.000000 0.000000 0.000000 0.000000 0.000000 0.000000 0.000000 0.000000 0.000000 0.000000 0.000000 0.000000 0.000000 0.000000 0.000000 0.000000 0.000000 0.000000 0.000000 0.000000 0.000000 0.000000 0.000000 0.000000 0.000000 0.000000 0.000000 0.000000 0.000000 0.000000 0.000000 0.000000 0.000000 0.000000 0.000000 0.000000 0.000000 0.000000 0.000000 0.000000 0.000000 0.000000 0.000000 0.000000 0.000000 0.000000 0.000000 0.000000 0.000000 0.000000 0.000000 0.000000 0.000000 0.000000 0.000000 0.000000 0.000000 0.000000 0.000000 0.000000 0.000000 0.000000 0.000000 0.000000 0.000000 0.000000 0.000000 0.000000 0.000000 0.000000 0.000000 0.000000 0.000000
0.769845 0.715019 0.135377 0.907409 0.662653 0.103532 0.171527 0.379324 0.792669 0.625191 0.805121 0.038703 0.012960 0.060849 0.557410 0.423654 0.827979 0.829314 0.621585 0.120825 0.894187 0.161490 0.758601 0.646290 100.064360 0.000000 0.000000 0.000000 0.000000 0.000000 0.000000 0.000000 0.000000 0.000000 0.000000 0.000000 0.000000 0.000000 0.000000 0.000000 0.000000 0.000000 0.000000 0.000000 0.000000 0.000000 0.000000 0.000000 0.000000 0.000000 0.000000 0.000000 0.000000 0.000000 0.000000 0.000000 0.000000 0.000000 0.000000 0.000000 0.000000 0.000000 0.000000 0.000000 0.000000 0.000000 0.000000 0.000000 0.000000 0.000000 0.000000 0.000000 0.000000 0.000000 0.000000 0.000000 0.000000 0.000000 0.000000 0.000000 0.000000 0.000000 0.000000 0.000000 0.000000 0.000000 0.000000 0.000000 0.000000 0.000000 0.000000 0.000000 0.000000 0.000000 0.000000 0.000000 0.000000 0.000000 0.000000 0.000000
0.514602 0.617919 0.182533 0.695336 0.514254 0.974629 0.828776 0.548931 0.834549 0.052327 0.785661 0.448309 0.768715 0.584683 0.433288 0.259810 0.291157 0.252526 0.623322 0.741059 0.037108 0.628649 0.057577 0.188844 0.022668 100.618468 0.000000 0.000000 0.000000 0.000000 0.000000 0.000000 0.000000 0.000000 0.000000 0.000000 0.000000 0.000000 0.000000 0.000000 0.000000 0.000000 0.000000 0.000000 0.000000 0.000000 0.000000 0.000000 0.000000 0.000000 0.000000 0.000000 0.000000 0.000000 0.000000 0.000000 0.000000 0.000000 0.000000 0.000000 0.000000 0.000000 0.000000 0.000000 0.000000 0.000000 0.000000 0.000000 0.000000 0.000000 0.000000 0.000000 0.000000 0.000000 0.000000 0.000000 0.000000 0.000000 0.000000 0.000000 0.000000 0.000000 0.000000 0.000000 0.000000 0.000000 0.000000 0.000000 0.000000 0.000000 0.000000 0.000000 0.000000 0.000000 0.000000 0.000000 0.000000 0.000000 0.000000 0.000000
0.990829 0.507537 0.829227 0.066263 0.901173 0.111682 0.589302 0.198459 0.122378 0.589470 0.290085 0.055387 0.682230 0.599041 0.895979 0.741000 0.426809 0.342571 -0.021915 0.358227 0.522078 0.845809 0.247699 0.766791 0.614004 0.394171 100.802549 0.000000 0.000000 0.000000 0.000000 0.000000 0.000000 0.000000 0.000000 0.000000 0.000000 0.000000 0.000000 0.000000 0.000000 0.000000 0.000000 0.000000 0.000000 0.000000 0.000000 0.000000 0.000000 0.000000 0.000000 0.000000 0.000000 0.000000 0.000000 0.000000 0.000000 0.000000 0.000000 0.000000 0.000000 0.000000 0.000000 0.000000 0.000000 0.000000 0.000000 0.000000 0.000000 0.000000 0.000000 0.000000 0.000000 0.000000 0.000000 0.000000 0.000000 0.000000 0.000000 0.000000 0.000000 0.000000 0.000000 0.000000 0.000000 0.000000 0.000000 0.000000 0.000000 0.000000 0.000000 0.000000 0.000000 0.000000 0.000000 0.000000 0.000000 0.000000 0.000000 0.000000
0.129510 0.139407 0.453227 0.854819 0.838173 0.962668 0.390048 0.983532 0.612650 0.337402 0.492302 0.618274 0.220966 -0.028297 0.279144 0.794700 0.237859 0.454007 0.055127 0.458017 0.030911 0.708781 0.781235 0.764632 0.515819 0.817485 0.309163 100.482389 0.000000 0.000000 0.000000 0.000000 0.000000 0.000000 0.000000 0.000000 0.000000 0.000000 0.000000 0.000000 0.000000 0.000000 0.000000 0.000000 0.000000 0.000000 0.000000 0.000000 0.000000 0.000000 0.000000 0.000000 0.000000 0.000000 0.000000 0.000000 0.000000 0.000000 0.000000 0.000000 0.000000 0.000000 0.000000 0.000000 0.000000 0.000000 0.000000 0.000000 0.000000 0.000000 0.000000 0.000000 0.000000 0.000000 0.000000 0.000000 0.000000 0.000000 0.000000 0.000000 0.000000 0.000000 0.000000 0.000000 0.000000 0.000000 0.000000 0.000000 0.000000 0.000000 0.000000 0.000000 0.000000 0.000000 0.000000 0.000000 0.000000 0.000000 0.000000 0.000000
0.469628 0.836728 0.753016 0.336126 0.610463 0.473403 0.342900 0.396058 0.798107 0.136718 0.259145 -0.023414 0.236364 0.694795 0.434644 -0.030873 0.787213 0.343535 0.617691 0.220872 0.695768 0.765861 0.230358 0.893104 0.428106 0.552114 0.035304 0.626888 100.201642 0.000000 0.000000 0.000000 0.000000 0.000000 0.000000 0.000000 0.000000 0.000000 0.000000 0.000000 0.000000 0.000000 0.000000 0.000000 0.000000 0.000000 0.000000 0.000000 0.000000 0.000000 0.000000 0.000000 0.000000 0.000000 0.000000 0.000000 0.000000 0.000000 0.000000 0.000000 0.000000 0.000000 0.000000 0.000000 0.000000 0.000000 0.000000 0.000000 0.000000 0.000000 0.000000 0.000000 0.000000 0.000000 0.000000 0.000000 0.000000 0.000000 0.000000 0.000000 0.000000 0.000000 0.000000 0.000000 0.000000 0.000000 0.000000 0.000000 0.000000 0.000000 0.000000 0.000000 0.000000 0.000000 0.000000 0.000000 0.000000 0.000000 0.000000 0.000000
0.132048 0.420346 0.414163 0.796288 0.048300 0.846618 0.131700 0.714760 0.763078 0.110076 0.965398 0.801249 0.537839 0.946331 0.176311 0.426618 0.105486 0.847867 0.443955 0.273529 0.803927 0.602620 0.063015 -0.003097 0.089680 0.635906 0.715666 0.398411 0.767283 100.909417 0.000000 0.000000 0.000000 0.000000 0.000000 0.000000 0.000000 0.000000 0.000000 0.000000 0.000000 0.000000 0.000000 0.000000 0.000000 0.000000 0.000000 0.000000 0.000000 0.000000 0.000000 0.000000 0.000000 0.000000 0.000000 0.000000 0.000000 0.000000 0.000000 0.000000 0.000000 0.000000 0.000000 0.000000 0.000000 0.000000 0.000000 0.000000 0.000000 0.000000 0.000000 0.000000 0.000000 0.000000 0.000000 0.000000 0.000000 0.000000 0.000000 0.000000 0.000000 0.000000 0.000000 0.000000 0.000000 0.000000 0.000000 0.000000 0.000000 0.000000 0.000000 0.000000 0.000000 0.000000 0.000000 0.000000 0.000000 0.000000 0.000000 0.000000
0.779002 0.802736 0.340972 0.008462 0.105818 0.463110 0.284490 0.534505 0.382974 0.851789 -0.004870 0.810708 0.162507 0.936796 0.519515 0.192560 0.370842 -0.009354 0.937850 0.717275 0.407091 0.816290 -0.034069 0.401146 0.110481 0.415919 0.290653 0.277594 0.895052 0.213777 100.322452 0.000000 0.000000 0.000000 0.000000 0.000000 0.000000 0.000000 0.000000 0.000000 0.000000 0.000000 0.000000 0.000000 0.000000 0.000000 0.000000 0.000000 0.000000 0.000000 0.000000 0.000000 0.000000 0.000000 0.000000 0.000000 0.000000 0.000000 0.000000 0.000000 0.000000 0.000000 0.000000 0.000000 0.000000 0.000000 0.000000 0.000000 0.000000 0.000000 0.000000 0.000000 0.000000 0.000000 0.000000 0.000000 0.000000 0.000000 0.000000 0.000000 0.000000 0.000000 0.000000 0.000000 0.000000 0.000000 0.000000 0.000000 0.000000 0.000000 0.000000 0.000000 0.000000 0.000000 0.000000 0.000000 0.000000 0.000000 0.000000 0.000000
0.617480 0.307280 0.524579 0.640655 0.110165 0.941893 0.373915 0.471812 0.217018 0.353785 0.600411 0.700364 0.752334 0.832616 0.171589 0.343946 0.347228 0.821922 0.828934 0.883180 0.450849 0.551345 0.387554 0.334288 0.130378 0.365850 0.346313 0.538035 0.510995 0.932189 0.082070 100.393139 0.000000 0.000000 0.000000 0.000000 0.000000 0.000000 0.000000 0.000000 0.000000 0.000000 0.000000 0.000000 0.000000 0.000000 0.000000 0.000000 0.000000 0.000000 0.000000 0.000000 0.000000 0.000000 0.000000 0.000000 0.000000 0.000000 0.000000 0.000000 0.000000 0.000000 0.000000 0.000000 0.000000 0.000000 0.000000 0.000000 0.000000 0.000000 0.000000 0.000000 0.000000 0.000000 0.000000 0.000000 0.000000 0.000000 0.000000 0.000000 0.000000 0.000000 0.000000 0.000000 0.000000 0.000000 0.000000 0.000000 0.000000 0.000000 0.000000 0.000000 0.000000 0.000000 0.000000 0.000000 0.000000 0.000000 0.000000 0.000000
0.616848 0.171819 0.327563 0.875082 0.171739 0.473011 0.537246 0.012064 0.471601 0.783082 0.488998 0.182099 0.123429 0.882471 0.480954 0.774545 0.322810 0.131420 0.000204 0.510312 0.788561 0.875563 0.201293 0.246452 0.061597 0.494155 0.249772 0.637827 0.774806 0.561898 0.450387 0.312089 100.316864 0.000000 0.000000 0.000000 0.000000 0.000000 0.000000 0.000000 0.000000 0.000000 0.000000 0.000000 0.000000 0.000000 0.000000 0.000000 0.000000 0.000000 0.000000 0.000000 0.000000 0.000000 0.000000 0.000000 0.000000 0.000000 0.000000 0.000000 0.000000 0.000000 0.000000 0.000000 0.000000 0.000000 0.000000 0.000000 0.000000 0.000000 0.000000 0.000000 0.000000 0.000000 0.000000 0.000000 0.000000 0.000000 0.000000 0.000000 0.000000 0.000000 0.000000 0.000000 0.000000 0.000000 0.000000 0.000000 0.000000 0.000000 0.000000 0.000000 0.000000 0.000000 0.000000 0.000000 0.000000 0.000000 0.000000 0.000000
0.727978 0.007769 0.689983 0.202244 0.161962 0.783524 0.692542 0.963462 0.047316 0.384518 0.136080 0.072820 0.111536 0.719240 0.198950 0.047978 0.351547 0.949389 0.722219 0.128703 0.439873 0.677081 0.371819 0.828642 0.115627 0.052099 0.615184 0.403572 0.139918 0.069841 0.128669 0.390104 0.735246 100.374888 0.000000 0.000000 0.000000 0.000000 0.000000 0.000000 0.000000 0.000000 0.000000 0.000000 0.000000 0.000000 0.000000 0.000000 0.000000 0.000000 0.000000 0.000000 0.000000 0.000000 0.000000 0.000000 0.000000 0.000000 0.000000 0.000000 0.000000 0.000000 0.000000 0.000000 0.000000 0.000000 0.000000 0.000000 0.000000 0.000000 0.000000 0.000000 0.000000 0.000000 0.000000 0.000000 0.000000 0.000000 0.000000 0.000000 0.000000 0.000000 0.000000 0.000000 0.000000 0.000000 0.000000 0.000000 0.000000 0.000000 0.000000 0.000000 0.000000 0.000000 0.000000 0.000000 0.000000 0.000000 0.000000 0.000000
0.680477 0.751764 0.537752 0.547301 0.131131 0.584471 0.742416 0.434985 0.842640 0.347675 0.220464 0.591781 0.510656 0.091266 0.796215 0.875067 0.246448 0.900224 0.750520 0.874045 0.639059 0.687257 -0.006512 0.439493 0.060786 0.503796 0.497113 0.054859 0.446507 -0.039081 0.610432 0.449227 0.894655 0.586552 100.876437 0.000000 0.000000 0.000000 0.000000 0.000000 0.000000 0.000000 0.000000 0.000000 0.000000 0.000000 0.000000 0.000000 0.000000 0.000000 0.000000 0.000000 0.000000 0.000000 0.000000 0.000000 0.000000 0.000000 0.000000 0.000000 0.000000 0.000000 0.000000 0.000000 0.000000 0.000000 0.000000 0.000000 0.000000 0.000000 0.000000 0.000000 0.000000 0.000000 0.000000 0.000000 0.000000 0.000000 0.000000 0.000000 0.000000 0.000000 0.000000 0.000000 0.000000 0.000000 0.000000 0.000000 0.000000 0.000000 0.000000 0.000000 0.000000 0.000000 0.000000 0.000000 0.000000 0.000000 0.000000 0.000000
0.918972 0.632118 0.012042 0.716577 0.297708 0.224899 0.735225 0.138960 0.881204 0.600095 0.399599 0.902286 0.335011 0.872724 0.079852 0.274130 0.824376 0.472671 0.890775 0.927809 0.847992 0.214282 -0.020818 0.271970 0.463805 0.583596 0.586406 0.265743 0.684982 0.296171 0.780161 0.735559 0.478342 0.119224 0.022546 100.099110 0.000000 0.000000 0.000000 0.000000 0.000000 0.000000 0.000000 0.000000 0.000000 0.000000 0.000000 0.000000 0.000000 0.000000 0.000000 0.000000 0.000000 0.000000 0.000000 0.000000 0.000000 0.000000 0.000000 0.000000 0.000000 0.000000 0.000000 0.000000 0.000000 0.000000 0.000000 0.000000 0.000000 0.000000 0.000000 0.000000 0.000000 0.000000 0.000000 0.000000 0.000000 0.000000 0.000000 0.000000 0.000000 0.000000 0.000000 0.000000 0.000000 0.000000 0.000000 0.000000 0.000000 0.000000 0.000000 0.000000 0.000000 0.000000 0.000000 0.000000 0.000000 0.000000 0.000000 0.000000
0.115304 0.920643 0.581803 0.459124 0.006883 0.048799 0.165553 0.188406 0.797523 0.604034 0.719953 0.460197 0.895947 0.496618 0.285815 0.002005 0.738083 0.958701 0.150254 0.700274 0.568568 0.817844 0.836621 0.488566 0.107752 0.574896 0.367570 0.165438 -0.005357 0.341684 0.404546 0.942085 0.243659 0.174780 0.034924 0.839386 100.334392 0.000000 0.000000 0.000000 0.000000 0.000000 0.000000 0.000000 0.000000 0.000000 0.000000 0.000000 0.000000 0.000000 0.000000 0.000000 0.000000 0.000000 0.000000 0.000000 0.000000 0.000000 0.000000 0.000000 0.000000 0.000000 0.000000 0.000000 0.000000 0.000000 0.000000 0.000000 0.000000 0.000000 0.000000 0.000000 0.000000 0.000000 0.000000 0.000000 0.000000 0.000000 0.000000 0.000000 0.000000 0.000000 0.000000 0.000000 0.000000 0.000000 0.000000 0.000000 0.000000 0.000000 0.000000 0.000000 0.000000 0.000000 0.000000 0.000000 0.000000 0.000000 0.000000 0.000000
0.797692 0.875528 0.032925 0.116219 0.043774 0.091641 0.219413 0.062296 0.742965 0.631752 0.023805 0.949965 0.789012 0.417251 0.753733 0.500116 0.932697 0.293169 0.189021 0.772286 0.860731 0.804706 -0.032487 0.200320 0.849097 0.876848 0.463014 0.392395 0.070058 0.336082 0.112885 0.143326 0.668804 0.704343 0.138511 0.409889 0.486531 100.887318 0.000000 0.000000 0.000000 0.000000 0.000000 0.000000 0.000000 0.000000 0.000000 0.000000 0.000000 0.000000 0.000000 0.000000 0.000000 0.000000 0.000000 0.000000 0.000000 0.000000 0.000000 0.000000 0.000000 0.000000 0.000000 0.000000 0.000000 0.000000 0.000000 0.000000 0.000000 0.000000 0.000000 0.000000 0.000000 0.000000 0.000000 0.000000 0.000000 0.000000 0.000000 0.000000 0.000000 0.000000 0.000000 0.000000 0.000000 0.000000 0.000000 0.000000 0.000000 0.000000 0.000000 0.000000 0.000000 0.000000 0.000000 0.000000 0.000000 0.000000 0.000000 0.000000
0.717125 0.935840 0.690126 0.695623 0.034395 0.419666 0.422402 0.507660 0.303720 0.529945 -0.024909 0.100716 0.430769 0.666964 0.099444 -0.018959 0.936208 0.567637 0.191418 0.520128 0.719822 0.740940 0.419836 0.895749 0.910153 0.421699 0.717613 0.460524 0.535611 0.732250 0.695891 0.663848 0.725058 0.564853 0.094008 0.876810 0.145869 0.884806 100.171865 0.000000 0.000000 0.000000 0.000000 0.000000 0.000000 0.000000 0.000000 0.000000 0.000000 0.000000 0.000000 0.000000 0.000000 0.000000 0.000000 0.000000 0.000000 0.000000 0.000000 0.000000 0.000000 0.000000 0.000000 0.000000 0.000000 0.000000 0.000000 0.000000 0.000000 0.000000 0.000000 0.000000 0.000000 0.000000 0.000000 0.000000 0.000000 0.000000 0.000000 0.000000 0.000000 0.000000 0.000000 0.000000 0.000000 0.000000 0.000000 0.000000 0.000000 0.000000 0.000000 0.000000 0.000000 0.000000 0.000000 0.000000 0.000000 0.000000 0.000000 0.000000
0.450595 0.881611 0.700366 0.947688 0.811242 0.762983 0.879045 0.457224 0.241437 0.833010 0.287756 0.806439 0.899430 0.575419 0.061555 0.710269 0.805331 0.441425 0.787673 0.501140 0.146584 0.240200 0.083656 0.162558 0.011838 0.864970 0.117294 0.629920 0.609028 0.290575 0.312475 0.768283 0.462360 0.908913 0.428252 0.899077 0.543487 0.201261 0.357506 99.949989 0.000000 0.000000 0.000000 0.000000 0.000000 0.000000 0.000000 0.000000 0.000000 0.000000 0.000000 0.000000 0.000000 0.000000 0.000000 0.000000 0.000000 0.000000 0.000000 0.000000 0.000000 0.000000 0.000000 0.000000 0.000000 0.000000 0.000000 0.000000 0.000000 0.000000 0.000000 0.000000 0.000000 0.000000 0.000000 0.000000 0.000000 0.000000 0.000000 0.000000 0.000000 0.000000 0.000000 0.000000 0.000000 0.000000 0.000000 0.000000 0.000000 0.000000 0.000000 0.000000 0.000000 0.000000 0.000000 0.000000 0.000000 0.000000 0.000000 0.000000
0.915137 0.155799 0.847886 0.462975 0.178587 0.941883 0.312726 0.689326 0.407930 0.848293 0.439725 0.176640 0.705701 0.723015 0.062564 0.011885 0.660142 0.818233 0.239279 0.866961 0.337154 0.730515 0.875529 0.899078 0.650327 0.767927 0.789425 0.361699 0.363584 0.138046 0.834016 0.171223 0.524413 0.696400 0.393982 0.082695 0.803400 0.741965 0.445654 0.918552 100.876651 0.000000 0.000000 0.000000 0.000000 0.000000 0.000000 0.000000 0.000000 0.000000 0.000000 0.000000 0.000000 0.000000 0.000000 0.000000 0.000000 0.000000 0.000000 0.000000 0.000000 0.000000 0.000000 0.000000 0.000000 0.000000 0.000000 0.000000 0.000000 0.000000 0.000000 0.000000 0.000000 0.000000 0.000000 0.000000 0.000000 0.000000 0.000000 0.000000 0.000000 0.000000 0.000000 0.000000 0.000000 0.000000 0.000000 0.000000 0.000000 0.000000 0.000000 0.000000 0.000000 0.000000 0.000000 0.000000 0.000000 0.000000 0.000000 0.000000
0.535804 0.390998 0.335459 0.290463 0.623952 0.450732 0.104366 0.210593 -0.000814 0.023989 0.622632 0.733069 0.033243 0.784870 0.442364 0.893729 0.092111 0.244229 -0.001902 0.590701 0.609610 0.615527 0.779169 0.265840 -0.007080 0.050286 0.197423 0.768739 0.778460 0.801915 -0.002266 0.456955 -0.023350 0.664395 0.226773 0.687616 0.850439 0.335207 0.509187 0.262923 0.134072 100.128184 0.000000 0.000000 0.000000 0.000000 0.000000 0.000000 0.000000 0.000000 0.000000 0.000000 0.000000 0.000000 0.000000 0.000000 0.000000 0.000000 0.000000 0.000000 0.000000 0.000000 0.000000 0.000000 0.000000 0.000000 0.000000 0.000000 0.000000 0.000000 0.000000 0.000000 0.000000 0.000000 0.000000 0.000000 0.000000 0.000000 0.000000 0.000000 0.000000 0.000000 0.000000 0.000000 0.000000 0.000000 0.000000 0.000000 0.000000 0.000000 0.000000 0.000000 0.000000 0.000000 0.000000 0.000000 0.000000 0.000000 0.000000 0.000000
0.767229 0.770536 0.592556 0.959982 0.156011 0.417234 0.937401 0.878998 0.651492 0.093311 0.267942 0.172268 0.096416 0.160311 0.588348 0.756746 0.013581 0.751725 0.256208 0.620328 0.774888 0.412527 0.447599 -0.028918 0.100739 0.604198 0.135112 0.701743 0.291419 0.878594 0.606412 0.332918 0.631836 0.090545 0.875945 0.492826 0.357511 0.291291 0.200115 0.554353 0.122385 0.205424 100.082426 0.000000 0.000000 0.000000 0.000000 0.000000 0.000000 0.000000 0.000000 0.000000 0.000000 0.000000 0.000000 0.000000 0.000000 0.000000 0.000000 0.000000 0.000000 0.000000 0.000000 0.000000 0.000000 0.000000 0.000000 0.000000 0.000000 0.000000 0.000000 0.000000 0.000000 0.000000 0.000000 0.000000 0.000000 0.000000 0.000000 0.000000 0.000000 0.000000 0.000000 0.000000 0.000000 0.000000 0.000000 0.000000 0.000000 0.000000 0.000000 0.000000 0.000000 0.000000 0.000000 0.000000 0.000000 0.000000 0.000000 0.000000
0.496193 0.152155 0.712812 0.797802 0.101337 0.421313 0.937579 0.415250 0.963865 0.103017 0.035591 0.821086 0.134567 0.923184 0.343846 0.544705 0.811387 0.642493 0.074784 0.185141 0.928074 0.307456 0.652280 0.896663 0.924135 0.912229 0.180384 0.878980 -0.023334 0.397457 0.578303 0.690817 0.515308 0.234709 0.299249 0.146318 0.297984 -0.021222 0.743993 0.074627 0.598859 0.065028 0.327820 100.760733 0.000000 0.000000 0.000000 0.000000 0.000000 0.000000 0.000000 0.000000 0.000000 0.000000 0.000000 0.000000 0.000000 0.000000 0.000000 0.000000 0.000000 0.000000 0.000000 0.000000 0.000000 0.000000 0.000000 0.000000 0.000000 0.000000 0.000000 0.000000 0.000000 0.000000 0.000000 0.000000 0.000000 0.000000 0.000000 0.000000 0.000000 0.000000 0.000000 0.000000 0.000000 0.000000 0.000000 0.000000 0.000000 0.000000 0.000000 0.000000 0.000000 0.000000 0.000000 0.000000 0.000000 0.000000 0.000000 0.000000
0.565472 0.489846 0.968603 0.295867 0.796035 0.168517 0.246507 0.601102 0.834684 0.386496 0.579234 -0.032315 0.903564 0.368245 0.049318 0.816685 0.232110 0.505470 0.130991 0.538817 0.807483 0.042879 0.025738 0.831992 -0.026464 0.887470 0.102192 0.768102 0.019680 0.813630 0.095915 0.236313 0.017883 0.011158 0.598041 0.690463 0.072402 0.499284 0.566737 0.344157 -0.055441 0.371948 0.843375 0.422028 100.219690 0.000000 0.000000 0.000000 0.000000 0.000000 0.000000 0.000000 0.000000 0.000000 0.000000 0.000000 0.000000 0.000000 0.000000 0.000000 0.000000 0.000000 0.000000 0.000000 0.000000 0.000000 0.000000 0.000000 0.000000 0.000000 0.000000 0.000000 0.000000 0.000000 0.000000 0.000000 0.000000 0.000000 0.000000 0.000000 0.000000 0.000000 0.000000 0.000000 0.000000 0.000000 0.000000 0.000000 0.000000 0.000000 0.000000 0.000000 0.000000 0.000000 0.000000 0.000000 0.000000 0.000000 0.000000 0.000000
0.692206 0.143519 0.305266 0.208521 0.022108 0.312945 0.558294 0.583450 0.555135 0.672535 0.697946 0.834914 0.268127 0.712180 0.171144 0.444412 0.405525 0.826675 0.596510 0.845172 0.409528 0.658637 0.653233 0.450885 0.795058 0.120977 0.263884 0.563813 0.646388 0.256939 0.230333 0.854213 0.339028 0.219778 0.067801 -0.027570 0.612126 0.409295 0.481499 0.418101 0.108135 -0.080191 0.425227 0.869274 0.455957 100.089083 0.000000 0.000000 0.000000 0.000000 0.000000 0.000000 0.000000 0.000000 0.000000 0.000000 0.000000 0.000000 0.000000 0.000000 0.000000 0.000000 0.000000 0.000000 0.000000 0.000000 0.000000 0.000000 0.000000 0.000000 0.000000 0.000000 0.000000 0.000000 0.000000 0.000000 0.000000 0.000000 0.000000 0.000000 0.000000 0.000000 0.000000 0.000000 0.000000 0.000000 0.000000 0.000000 0.000000 0.000000 0.000000 0.000000 0.000000 0.000000 0.000000 0.000000 0.000000 0.000000 0.000000 0.000000
0.479352 0.895262 0.922085 0.975978 0.356558 0.049703 0.035218 0.422975 0.101022 0.562496 0.061532 0.067413 0.661136 0.948091 0.928255 0.458829 0.637012 0.085872 0.854921 0.676158 0.304447 0.639582 0.528598 0.414190 0.278959 0.444908 0.520880 0.760417 0.184012 0.920445 0.467584 0.270932 0.852168 -0.002192 0.444138 0.197235 0.732177 0.013706 0.427771 -0.013498 0.747329 0.258013 0.641028 0.383275 0.441350 0.732245 100.218512 0.000000 0.000000 0.000000 0.000000 0.000000 0.000000 0.000000 0.000000 0.000000 0.000000 0.000000 0.000000 0.000000 0.000000 0.000000 0.000000 0.000000 0.000000 0.000000 0.000000 0.000000 0.000000 0.000000 0.000000 0.000000 0.000000 0.000000 0.000000 0.000000 0.000000 0.000000 0.000000 0.000000 0.000000 0.000000 0.000000 0.000000 0.000000 0.000000 0.000000 0.000000 0.000000 0.000000 0.000000 0.000000 0.000000 0.000000 0.000000 0.000000 0.000000 0.000000 0.000000 0.000000
0.762395 0.968479 0.536165 0.566862 -0.003455 0.149536 0.192285 0.065640 0.464418 0.699513 0.491324 0.219023 0.960599 0.076328 0.044565 0.415323 0.260147 0.075131 0.668090 0.595976 0.950365 0.036789 0.062238 0.558532 0.893678 0.501867 0.175269 0.569572 0.485273 0.170511 0.427403 0.945518 0.716090 0.250390 -0.017978 0.267719 0.492626 0.449893 -0.041615 -0.056975 0.176167 0.713211 0.867295 0.771594 0.817890 0.567480 0.397846 100.104335 0.000000 0.000000 0.000000 0.000000 0.000000 0.000000 0.000000 0.000000 0.000000 0.000000 0.000000 0.000000 0.000000 0.000000 0.000000 0.000000 0.000000 0.000000 0.000000 0.000000 0.000000 0.000000 0.000000 0.000000 0.000000 0.000000 0.000000 0.000000 0.000000 0.000000 0.000000 0.000000 0.000000 0.000000 0.000000 0.000000 0.000000 0.000000 0.000000 0.000000 0.000000 0.000000 0.000000 0.000000 0.000000 0.000000 0.000000 0.000000 0.000000 0.000000 0.000000 0.000000
0.787927 0.666468 0.848100 0.460171 0.869135 0.438948 0.186456 0.277984 0.954075 0.963183 0.280615 0.189420 0.813516 0.036453 0.691558 0.611350 0.573231 0.085004 0.409446 0.569967 0.770578 -0.000310 0.848502 0.776437 0.764715 0.484878 0.691501 -0.021841 0.731576 0.060849 0.280480 0.541033 0.039277 0.900820 -0.004474 -0.015130 0.435539 -0.058053 0.348194 -0.069319 0.676161 0.304794 0.435886 0.877187 -0.098699 0.447589 0.633346 -0.025138 99.999543 0.000000 0.000000 0.000000 0.000000 0.000000 0.000000 0.000000 0.000000 0.000000 0.000000 0.000000 0.000000 0.000000 0.000000 0.000000 0.000000 0.000000 0.000000 0.000000 0.000000 0.000000 0.000000 0.000000 0.000000 0.000000 0.000000 0.000000 0.000000 0.000000 0.000000 0.000000 0.000000 0.000000 0.000000 0.000000 0.000000 0.000000 0.000000 0.000000 0.000000 0.000000 0.000000 0.000000 0.000000 0.000000 0.000000 0.000000 0.000000 0.000000 0.000000 0.000000
0.802363 0.606435 0.086263 0.464713 0.640027 0.789498 0.927501 0.314450 0.485999 0.931273 0.620746 0.144298 0.897655 0.945559 0.734696 0.431589 0.953077 0.169223 0.229483 0.127672 -0.030189 0.324955 0.942558 0.635187 0.873914 0.474543 0.906213 0.408587 0.545902 -0.024590 0.563870 0.247681 0.281186 0.693990 0.169300 0.293197 0.106260 0.833378 0.595179 0.558204 0.560994 0.735690 -0.085193 0.490829 0.267047 0.547996 -0.039770 0.362266 0.415823 100.676886 0.000000 0.000000 0.000000 0.000000 0.000000 0.000000 0.000000 0.000000 0.000000 0.000000 0.000000 0.000000 0.000000 0.000000 0.000000 0.000000 0.000000 0.000000 0.000000 0.000000 0.000000 0.000000 0.000000 0.000000 0.000000 0.000000 0.000000 0.000000 0.000000 0.000000 0.000000 0.000000 0.000000 0.000000 0.000000 0.000000 0.000000 0.000000 0.000000 0.000000 0.000000 0.000000 0.000000 0.000000 0.000000 0.000000 0.000000 0.000000 0.000000 0.000000
0.827333 0.720695 0.891004 0.977129 0.242674 0.685621 0.558134 0.001000 0.735406 0.579616 0.536898 0.170223 0.903719 0.818716 0.800901 0.764027 0.424727 0.320645 0.647601 0.351931 0.527075 0.336404 -0.000610 0.808854 0.264944 0.842393 0.360784 0.275539 0.139758 0.655440 0.600003 0.419003 0.365834 0.069300 0.118206 0.794685 0.029389 0.677217 0.154790 0.613549 0.375707 0.524652 0.051684 0.891177 0.138640 0.476574 -0.030607 0.080411 0.140965 0.206846 100.613058 0.000000 0.000000 0.000000 0.000000 0.000000 0.000000 0.000000 0.000000 0.000000 0.000000 0.000000 0.000000 0.000000 0.000000 0.000000 0.000000 0.000000 0.000000 0.000000 0.000000 0.000000 0.000000 0.000000 0.000000 0.000000 0.000000 0.000000 0.000000 0.000000 0.000000 0.000000 0.000000 0.000000 0.000000 0.000000 0.000000 0.000000 0.000000 0.000000 0.000000 0.000000 0.000000 0.000000 0.000000 0.000000 0.000000 0.000000 0.000000 0.000000
0.249055 0.189187 0.942823 0.139638 0.299843 0.856000 0.473997 0.206371 0.101432 0.660435 0.710786 0.934849 0.607517 0.614516 0.581472 0.829787 0.306944 0.743850 0.811056 0.512922 0.168649 0.699952 0.531209 0.799898 0.673117 0.540061 0.041493 0.434205 0.197420 0.374229 -0.039226 0.520862 0.361524 0.863987 0.081805 0.646163 0.337438 -0.004486 0.726495 0.027425 0.139767 0.011074 0.903542 0.866080 0.379539 0.058091 -0.068915 -0.085365 0.596302 0.498132 0.322793 100.425860 0.000000 0.000000 0.000000 0.000000 0.000000 0.000000 0.000000 0.000000 0.000000 0.000000 0.000000 0.000000 0.000000 0.000000 0.000000 0.000000 0.000000 0.000000 0.000000 0.000000 0.000000 0.000000 0.000000 0.000000 0.000000 0.000000 0.000000 0.000000 0.000000 0.000000 0.000000 0.000000 0.000000 0.000000 0.000000 0.000000 0.000000 0.000000 0.000000 0.000000 0.000000 0.000000 0.000000 0.000000 0.000000 0.000000 0.000000 0.000000
0.530836 0.159893 0.958704 0.011238 0.078331 0.506318 0.899013 0.542097 0.240162 0.332339 0.584759 0.469749 0.592282 0.205524 0.368504 0.536309 0.771850 0.025834 0.908756 0.864388 0.898582 0.352237 0.208823 0.797447 0.200617 0.525357 0.223540 0.119013 0.304598 0.677069 0.145907 0.402834 0.091627 0.252058 0.920492 0.910210 0.075845 0.110896 0.077215 0.308893 0.635753 0.004855 -0.001028 0.033800 -0.005738 0.805750 0.867038 0.586242 0.424053 0.402806 0.097875 0.133647 100.409757 0.000000 0.000000 0.000000 0.000000 0.000000 0.000000 0.000000 0.000000 0.000000 0.000000 0.000000 0.000000 0.000000 0.000000 0.000000 0.000000 0.000000 0.000000 0.000000 0.000000 0.000000 0.000000 0.000000 0.000000 0.000000 0.000000 0.000000 0.000000 0.000000 0.000000 0.000000 0.000000 0.000000 0.000000 0.000000 0.000000 0.000000 0.000000 0.000000 0.000000 0.000000 0.000000 0.000000 0.000000 0.000000 0.000000 0.000000
0.706429 0.549042 0.675055 0.524388 0.596977 0.249456 0.787753 0.444272 0.658759 0.220288 0.224483 0.485746 0.171702 0.455816 0.400348 0.571050 0.761506 0.254933 0.294935 0.130587 0.796455 0.347055 0.304905 0.367740 0.532460 0.914451 0.239097 -0.030891 0.580245 0.930074 0.597175 0.868521 0.204001 0.801174 -0.047331 0.212493 0.064061 0.870186 0.441577 0.277460 0.124355 0.313668 0.328542 0.459385 0.081040 0.859850 0.762422 0.634405 0.613895 -0.032130 0.271435 0.589290 0.383204 100.291014 0.000000 0.000000 0.000000 0.000000 0.000000 0.000000 0.000000 0.000000 0.000000 0.000000 0.000000 0.000000 0.000000 0.000000 0.000000 0.000000 0.000000 0.000000 0.000000 0.000000 0.000000 0.000000 0.000000 0.000000 0.000000 0.000000 0.000000 0.000000 0.000000 0.000000 0.000000 0.000000 0.000000 0.000000 0.000000 0.000000 0.000000 0.000000 0.000000 0.000000 0.000000 0.000000 0.000000 0.000000 0.000000 0.000000
0.479183 0.570821 0.935602 0.925408 0.939154 0.969531 0.026109 0.219681 0.015941 0.665563 0.827821 0.692434 0.648353 0.841041 0.669733 0.808612 0.888463 0.483228 0.796023 0.676901 0.011284 0.023177 -0.043484 0.319789 0.503075 -0.050021 0.002093 0.027283 0.920112 0.817754 0.900712 0.772280 0.580941 0.220987 0.105636 0.884105 0.271980 -0.035579 0.389438 0.551729 0.152180 0.458542 0.183071 0.665155 0.628221 0.573478 0.155141 0.194980 0.609916 0.464793 0.407065 -0.099673 0.592060 0.330656 100.194313 0.000000 0.000000 0.000000 0.000000 0.000000 0.000000 0.000000 0.000000 0.000000 0.000000 0.000000 0.000000 0.000000 0.000000 0.000000 0.000000 0.000000 0.000000 0.000000 0.000000 0.000000 0.000000 0.000000 0.000000 0.000000 0.000000 0.000000 0.000000 0.000000 0.000000 0.000000 0.000000 0.000000 0.000000 0.000000 0.000000 0.000000 0.000000 0.000000 0.000000 0.000000 0.000000 0.000000 0.000000 0.000000
0.818798 0.264937 0.976730 0.773753 0.410205 0.689957 0.408824 0.379019 0.148896 0.428538 0.802412 0.955512 0.469547 0.594743 0.224984 0.346093 0.764237 0.746542 0.695031 0.025848 0.209063 0.286498 0.795759 0.674000 0.747587 0.683202 0.614302 0.158891 0.585206 0.850170 0.719044 0.467872 0.661388 0.011950 0.524906 0.138897 0.327133 0.156764 0.507447 0.558950 0.528682 0.161664 0.840870 0.150698 0.551111 0.329903 0.567451 0.343410 0.122295 0.166101 0.644188 0.028661 -0.090453 0.618291 -0.107430 100.492185 0.000000 0.000000 0.000000 0.000000 0.000000 0.000000 0.000000 0.000000 0.000000 0.000000 0.000000 0.000000 0.000000 0.000000 0.000000 0.000000 0.000000 0.000000 0.000000 0.000000 0.000000 0.000000 0.000000 0.000000 0.000000 0.000000 0.000000 0.000000 0.000000 0.000000 0.000000 0.000000 0.000000 0.000000 0.000000 0.000000 0.000000 0.000000 0.000000 0.000000 0.000000 0.000000 0.000000 0.000000
0.061397 0.033315 0.435334 0.672826 0.927163 0.361071 0.477104 0.542748 0.279373 0.346564 0.052110 0.218108 0.452003 0.543870 0.841616 0.722695 0.576533 0.466682 0.481362 0.095599 0.739755 0.398284 0.577608 0.374229 0.367618 0.126932 -0.035078 0.021622 0.860349 0.711945 0.244774 0.249597 0.509153 0.284949 0.731570 0.469021 -0.013315 0.589382 0.354939 0.801854 -0.018449 0.810157 0.730946 0.086540 -0.010644 -0.089846 0.606306 0.732893 0.428642 0.861478 0.669591 0.099088 0.324141 0.572231 0.571286 0.883606 100.779900 0.000000 0.000000 0.000000 0.000000 0.000000 0.000000 0.000000 0.000000 0.000000 0.000000 0.000000 0.000000 0.000000 0.000000 0.000000 0.000000 0.000000 0.000000 0.000000 0.000000 0.000000 0.000000 0.000000 0.000000 0.000000 0.000000 0.000000 0.000000 0.000000 0.000000 0.000000 0.000000 0.000000 0.000000 0.000000 0.000000 0.000000 0.000000 0.000000 0.000000 0.000000 0.000000 0.000000
0.929717 0.641020 0.081551 0.348771 0.584491 0.251132 0.343574 0.630263 0.777958 0.131781 0.715757 0.016326 0.848213 0.772205 0.484921 0.754556 0.210790 0.085102 0.423110 0.304170 0.676433 0.597503 0.736279 0.559135 0.520651 0.068168 0.861618 0.375011 0.700989 0.780786 0.155032 0.106416 0.249274 0.536240 0.288105 0.861369 0.193667 0.552684 0.448692 0.846309 0.113389 0.904789 0.307847 0.790329 0.247374 0.625332 0.737415 0.671869 0.677269 0.684235 0.388682 0.759401 0.660039 0.430770 0.754621 0.534970 0.378407 100.460159 0.000000 0.000000 0.000000 0.000000 0.000000 0.000000 0.000000 0.000000 0.000000 0.000000 0.000000 0.000000 0.000000 0.000000 0.000000 0.000000 0.000000 0.000000 0.000000 0.000000 0.000000 0.000000 0.000000 0.000000 0.000000 0.000000 0.000000 0.000000 0.000000 0.000000 0.000000 0.000000 0.000000 0.000000 0.000000 0.000000 0.000000 0.000000 0.000000 0.000000 0.000000 0.000000
0.424243 0.041262 0.732969 0.790508 0.398498 0.112330 0.527305 0.028121 0.046471 0.388345 0.354895 0.265747 0.031008 0.149364 0.470966 0.842894 0.056830 0.119840 0.634115 0.033986 0.587584 0.375673 0.743198 0.186020 0.427435 0.865241 0.133122 0.870867 0.835513 0.862836 0.579526 -0.019208 0.728599 0.454860 0.751388 0.755220 0.060053 0.846242 0.116886 0.867787 0.776762 0.803804 0.155026 0.542566 0.147332 0.117130 0.495358 0.001208 0.238820 0.266952 0.526420 0.143867 0.467297 0.016165 0.768971 0.414821 0.665337 -0.000886 100.860345 0.000000 0.000000 0.000000 0.000000 0.000000 0.000000 0.000000 0.000000 0.000000 0.000000 0.000000 0.000000 0.000000 0.000000 0.000000 0.000000 0.000000 0.000000 0.000000 0.000000 0.000000 0.000000 0.000000 0.000000 0.000000 0.000000 0.000000 0.000000 0.000000 0.000000 0.000000 0.000000 0.000000 0.000000 0.000000 0.000000 0.000000 0.000000 0.000000 0.000000 0.000000
0.576156 0.269656 0.267333 0.946656 0.980544 0.353204 0.347853 0.310245 0.245344 0.391788 0.282030 0.835278 0.775070 0.312040 0.854396 0.251069 0.227235 0.793694 0.938449 -0.027831 0.134176 0.600139 0.695024 0.057563 0.697643 0.705315 0.366761 0.402652 0.557299 -0.026900 0.013833 0.307319 0.119980 0.425448 0.361509 0.102988 0.296775 0.429029 0.647865 0.605064 0.489926 0.598562 -0.055250 0.745423 0.421824 0.328388 0.702816 0.236275 -0.044734 0.190887 0.815778 -0.040962 0.859341 -0.058399 0.785793 0.681380 0.031822 0.243167 0.906119 100.680429 0.000000 0.000000 0.000000 0.000000 0.000000 0.000000 0.000000 0.000000 0.000000 0.000000 0.000000 0.000000 0.000000 0.000000 0.000000 0.000000 0.000000 0.000000 0.000000 0.000000 0.000000 0.000000 0.000000 0.000000 0.000000 0.000000 0.000000 0.000000 0.000000 0.000000 0.000000 0.000000 0.000000 0.000000 0.000000 0.000000 0.000000 0.000000 0.000000 0.000000
0.893256 0.593937 0.387558 0.692380 0.219927 0.146288 0.402582 0.039063 0.668838 0.115235 0.388486 0.887220 0.780256 0.846781 0.860052 -0.022562 0.764870 -0.040548 0.142658 0.242843 0.811865 0.727245 0.187067 0.037509 0.075183 0.533850 0.905351 0.705494 0.165760 -0.052564 0.756864 0.299963 0.671905 0.086567 -0.025026 0.701578 0.248187 0.184163 0.591997 0.859147 0.236942 0.761640 0.487793 0.538229 0.539000 0.547477 -0.098133 0.124616 0.751682 0.055890 0.198302 0.621090 0.122843 0.134929 0.382162 0.684248 0.869972 0.000055 0.753235 0.780187 100.425386 0.000000 0.000000 0.000000 0.000000 0.000000 0.000000 0.000000 0.000000 0.000000 0.000000 0.000000 0.000000 0.000000 0.000000 0.000000 0.000000 0.000000 0.000000 0.000000 0.000000 0.000000 0.000000 0.000000 0.000000 0.000000 0.000000 0.000000 0.000000 0.000000 0.000000 0.000000 0.000000 0.000000 0.000000 0.000000 0.000000 0.000000 0.000000 0.000000
0.623217 0.754143 0.256130 0.258100 0.234705 0.166967 0.270394 0.406185 0.619579 0.092946 0.624398 0.667696 0.936008 0.918798 0.932997 0.184540 0.059337 0.590999 0.244655 0.523831 0.897668 0.259551 0.767811 0.484401 0.751620 0.859959 0.161609 0.182102 0.265517 0.843994 0.096482 0.499307 0.322755 0.082819 0.386442 0.918070 0.491505 0.693022 0.323275 0.827996 0.472864 0.815303 0.898262 0.825841 0.737977 0.388201 0.602658 0.455598 0.398919 0.888265 -0.044370 0.335246 0.327512 0.859155 0.514968 0.449252 0.635103 0.259479 0.149289 0.119662 0.754555 100.184738 0.000000 0.000000 0.000000 0.000000 0.000000 0.000000 0.000000 0.000000 0.000000 0.000000 0.000000 0.000000 0.000000 0.000000 0.000000 0.000000 0.000000 0.000000 0.000000 0.000000 0.000000 0.000000 0.000000 0.000000 0.000000 0.000000 0.000000 0.000000 0.000000 0.000000 0.000000 0.000000 0.000000 0.000000 0.000000 0.000000 0.000000 0.000000
0.490182 0.248927 0.063413 0.007472 0.963748 0.986042 0.379886 0.703664 0.335932 0.277267 0.220273 0.733682 0.608506 0.815228 0.368486 0.635926 0.156892 0.193176 0.276920 -0.028846 0.158524 0.083097 0.441060 0.329488 0.220657 0.163374 0.071923 0.610103 -0.011113 0.054633 0.028600 0.437890 0.552466 0.565308 0.393087 0.759303 0.179525 0.062811 0.765042 0.584425 0.252479 0.452910 0.637016 0.779458 0.570179 0.887160 0.231751 0.282057 0.212230 0.653484 0.491548 0.467292 0.537391 0.409740 0.669111 0.047243 -0.014453 0.598744 0.169876 0.525645 0.009751 0.327771 100.209762 0.000000 0.000000 0.000000 0.000000 0.000000 0.000000 0.000000 0.000000 0.000000 0.000000 0.000000 0.000000 0.000000 0.000000 0.000000 0.000000 0.000000 0.000000 0.000000 0.000000 0.000000 0.000000 0.000000 0.000000 0.000000 0.000000 0.000000 0.000000 0.000000 0.000000 0.000000 0.000000 0.000000 0.000000 0.000000 0.000000 0.000000
0.109130 0.683993 0.511050 0.090894 0.220127 0.419462 0.661385 0.712956 0.653903 0.591928 0.919655 0.441644 0.075705 0.582515 0.662443 0.660959 0.194772 0.479060 0.172705 0.677974 0.771751 0.582897 0.852221 0.741756 0.497198 0.303830 0.565539 0.127675 0.534241 0.547136 0.407235 0.572407 0.352410 0.589182 0.232835 0.522707 0.149798 0.765202 0.614247 0.751753 0.355222 0.000588 0.706949 0.428032 0.147795 0.418453 0.697701 0.111443 0.428614 0.124851 -0.096159 0.008435 0.485139 0.803489 0.611316 0.507430 0.106073 0.770845 0.136932 0.662352 -0.098952 0.491865 0.246251 99.927733 0.000000 0.000000 0.000000 0.000000 0.000000 0.000000 0.000000 0.000000 0.000000 0.000000 0.000000 0.000000 0.000000 0.000000 0.000000 0.000000 0.000000 0.000000 0.000000 0.000000 0.000000 0.000000 0.000000 0.000000 0.000000 0.000000 0.000000 0.000000 0.000000 0.000000 0.000000 0.000000 0.000000 0.000000 0.000000 0.000000
0.065751 0.935521 0.459597 -0.003642 0.006469 0.764802 0.795307 -0.008210 0.765243 0.169558 0.817979 0.554639 0.443184 0.187423 0.130439 0.272083 0.781869 0.705339 0.330471 0.887483 0.653261 0.690710 0.267376 0.272746 0.338535 0.387534 0.919197 0.284008 0.219190 0.939444 0.393822 0.718943 0.828205 0.354305 0.048902 0.584349 0.129601 0.919553 0.579790 0.032565 0.849678 0.779796 0.197450 0.871227 0.337835 0.215380 0.014458 0.892015 0.233937 0.830293 -0.021566 0.293436 0.219754 -0.095694 0.171823 0.832628 0.292551 0.105502 0.278666 0.159394 0.320574 -0.000720 0.350014 0.019294 100.424647 0.000000 0.000000 0.000000 0.000000 0.000000 0.000000 0.000000 0.000000 0.000000 0.000000 0.000000 0.000000 0.000000 0.000000 0.000000 0.000000 0.000000 0.000000 0.000000 0.000000 0.000000 0.000000 0.000000 0.000000 0.000000 0.000000 0.000000 0.000000 0.000000 0.000000 0.000000 0.000000 0.000000 0.000000 0.000000
0.532054 0.028370 0.274408 0.224048 0.915105 0.736686 0.017549 0.752849 0.429715 0.416824 0.634149 0.345839 0.790639 0.051707 0.366316 0.227069 0.848149 0.157717 0.929505 0.843379 0.606644 0.190499 0.422780 0.076112 0.446518 0.763255 0.412426 0.083736 0.731432 0.072987 0.537478 0.106829 0.067019 0.092935 0.339362 0.229609 0.451093 0.181128 0.811363 0.157078 0.090751 0.616794 0.799205 0.139983 0.188775 0.404106 0.487282 0.723130 -0.000705 0.160491 0.708899 -0.080894 0.641352 0.775953 0.776200 0.902117 0.029234 0.158102 0.615441 0.320295 0.452240 0.207127 0.371030 0.741134 0.447808 100.062833 0.000000 0.000000 0.000000 0.000000 0.000000 0.000000 0.000000 0.000000 0.000000 0.000000 0.000000 0.000000 0.000000 0.000000 0.000000 0.000000 0.000000 0.000000 0.000000 0.000000 0.000000 0.000000 0.000000 0.000000 0.000000 0.000000 0.000000 0.000000 0.000000 0.000000 0.000000 0.000000 0.000000 0.000000
0.019258 0.455354 0.784045 0.427143 0.675160 0.308895 0.340257 0.538913 0.199788 0.424946 0.815925 0.585704 0.665881 0.631497 0.838473 0.884769 0.873651 0.602005 0.215704 0.348102 0.852722 0.883380 0.630349 0.445535 0.680683 0.667034 0.325361 0.824962 0.192111 0.268137 0.560097 0.167599 0.247203 0.551908 0.068738 -0.011485 0.111223 0.020686 0.739033 0.015699 0.419833 0.402259 0.337582 -0.012714 -0.013613 0.416112 0.766376 0.289241 0.279110 0.838244 0.445500 0.005192 0.238580 0.032664 0.421032 0.119343 0.456143 0.734989 0.761151 -0.010266 -0.104044 0.462350 0.671360 0.106737 0.057363 0.711477 100.318703 0.000000 0.000000 0.000000 0.000000 0.000000 0.000000 0.000000 0.000000 0.000000 0.000000 0.000000 0.000000 0.000000 0.000000 0.000000 0.000000 0.000000 0.000000 0.000000 0.000000 0.000000 0.000000 0.000000 0.000000 0.000000 0.000000 0.000000 0.000000 0.000000 0.000000 0.000000 0.000000 0.000000
0.804311 0.935311 0.074177 0.126829 0.516714 0.162232 0.708692 0.849674 0.142332 0.283259 0.478560 0.750419 0.669696 0.492779 0.143388 0.377055 0.877564 0.950324 0.515877 0.408560 0.419612 -0.001346 -0.002022 -0.026826 0.820501 0.747531 0.196941 0.008035 0.003351 0.437904 0.817617 0.843406 0.614773 0.925720 0.685763 -0.066060 -0.038110 0.810411 0.198886 0.307137 0.061551 0.728547 0.254964 0.432735 0.578464 0.776308 0.032299 0.464332 0.382847 0.460518 0.880372 0.858270 -0.053721 0.561600 0.140428 0.317055 -0.024061 0.087919 0.718640 0.159144 0.399375 0.603952 0.695069 0.491202 0.404661 0.321025 0.368319 100.348299 0.000000 0.000000 0.000000 0.000000 0.000000 0.000000 0.000000 0.000000 0.000000 0.000000 0.000000 0.000000 0.000000 0.000000 0.000000 0.000000 0.000000 0.000000 0.000000 0.000000 0.000000 0.000000 0.000000 0.000000 0.000000 0.000000 0.000000 0.000000 0.000000 0.000000 0.000000 0.000000
0.385874 0.650346 0.027788 0.553294 0.551472 0.442036 0.212512 0.035879 0.329906 0.827597 0.051112 0.199235 0.867009 0.671813 0.235015 -0.019046 0.911900 0.198989 0.808140 0.498947 0.803782 0.781467 0.535489 0.748279 0.461693 0.707103 0.817310 0.424733 -0.050514 0.237966 0.767512 0.566390 0.390268 0.169210 0.581017 0.810845 0.625177 0.350725 0.684743 0.205292 0.493057 0.367432 0.801375 0.719817 0.162918 0.852846 0.220935 0.002638 0.657335 0.023010 0.833615 0.866714 0.518074 0.689072 -0.002075 0.605554 -0.111456 0.821338 0.196396 0.120162 0.454641 -0.096878 0.070503 0.321486 0.621243 0.436208 0.009323 0.617778 100.133255 0.000000 0.000000 0.000000 0.000000 0.000000 0.000000 0.000000 0.000000 0.000000 0.000000 0.000000 0.000000 0.000000 0.000000 0.000000 0.000000 0.000000 0.000000 0.000000 0.000000 0.000000 0.000000 0.000000 0.000000 0.000000 0.000000 0.000000 0.000000 0.000000 0.000000 0.000000
0.907179 0.137505 0.760853 0.916848 0.879005 0.316437 0.292064 0.708976 0.875008 0.821691 0.513280 0.363899 0.148111 -0.016707 0.028178 0.861451 0.946674 0.877998 0.234215 0.702292 0.671553 0.744835 0.007638 0.635596 0.382493 0.719257 0.864109 0.674435 0.724665 0.106244 0.627739 0.691974 0.733190 0.725790 0.529081 -0.027566 0.023845 0.894881 0.374443 -0.024664 0.418344 0.871299 -0.047400 -0.028180 0.215131 -0.025410 0.044635 -0.015561 0.136639 0.460607 0.501869 0.729445 0.677728 0.031816 0.174437 0.660756 0.281159 0.762176 0.287237 0.665206 -0.081433 0.302464 0.176447 0.311293 0.353803 0.516765 0.436266 0.584659 -0.082361 100.656448 0.000000 0.000000 0.000000 0.000000 0.000000 0.000000 0.000000 0.000000 0.000000 0.000000 0.000000 0.000000 0.000000 0.000000 0.000000 0.000000 0.000000 0.000000 0.000000 0.000000 0.000000 0.000000 0.000000 0.000000 0.000000 0.000000 0.000000 0.000000 0.000000 0.000000
0.536807 0.783087 0.528651 0.068178 0.332977 0.557139 0.739318 0.941268 0.736533 0.065678 0.474959 0.916821 0.179755 0.922753 0.214269 0.759394 0.219113 0.585103 0.895229 0.815747 0.830529 0.727476 0.595966 0.917173 0.425800 0.014336 0.015034 0.330243 0.289002 0.903993 0.326922 0.523419 0.026585 0.378179 0.796757 0.841628 0.656418 0.517074 0.361430 0.479308 0.059325 0.117337 0.765803 0.810572 0.463399 0.370454 0.845705 0.290620 0.531250 -0.033934 -0.044694 -0.030536 0.259067 0.616820 0.605454 0.261051 0.588444 0.247347 0.572577 0.686300 -0.038455 0.367628 -0.087821 0.636692 0.459522 -0.063727 0.787192 0.611025 0.856200 0.721955 100.352118 0.000000 0.000000 0.000000 0.000000 0.000000 0.000000 0.000000 0.000000 0.000000 0.000000 0.000000 0.000000 0.000000 0.000000 0.000000 0.000000 0.000000 0.000000 0.000000 0.000000 0.000000 0.000000 0.000000 0.000000 0.000000 0.000000 0.000000 0.000000 0.000000
0.214570 0.689274 0.959305 0.714080 0.221844 0.151690 0.363636 0.574569 0.112793 0.084055 0.900962 0.703867 0.909481 0.788132 0.013701 0.476320 0.509170 0.818020 0.478194 -0.019516 0.298587 0.874416 0.302110 -0.005631 0.397046 0.753791 0.531543 0.041052 0.076249 0.338453 0.923477 0.684486 0.774449 0.900625 0.610745 0.709392 0.164434 0.402404 0.601080 0.351500 0.694987 0.327842 0.387348 0.803395 0.838103 0.103031 0.871994 0.489379 0.889907 0.282750 0.867105 0.640646 0.414391 0.606059 0.392713 0.493407 0.076375 0.848876 0.753009 0.590677 0.821167 -0.006914 0.055035 0.394942 0.411623 0.666613 0.284506 0.288949 0.688061 -0.015902 0.041139 99.997092 0.000000 0.000000 0.000000 0.000000 0.000000 0.000000 0.000000 0.000000 0.000000 0.000000 0.000000 0.000000 0.000000 0.000000 0.000000 0.000000 0.000000 0.000000 0.000000 0.000000 0.000000 0.000000 0.000000 0.000000 0.000000 0.000000 0.000000 0.000000
0.995832 0.859174 0.217326 0.571229 0.778528 0.326109 0.351093 0.123054 0.858277 0.926001 0.024047 0.592014 0.748575 0.510409 0.345339 0.403778 0.172287 0.134307 0.258437 -0.011785 0.452909 0.413458 0.112224 0.703728 0.835890 0.433966 0.643596 0.888119 0.115130 0.422134 0.789100 0.433271 0.509524 0.766267 0.453819 0.480999 0.305118 -0.004393 0.810555 0.292577 0.429960 0.417018 0.049715 0.007252 0.358623 0.571523 -0.068386 0.084863 0.733018 0.549249 0.827760 0.727388 0.090821 0.642481 0.363909 0.628548 0.802421 0.465903 0.106075 0.524765 0.119068 0.102788 0.327580 0.439140 0.417513 0.216476 0.738787 0.125877 0.106172 0.171475 0.291363 0.537595 100.046181 0.000000 0.000000 0.000000 0.000000 0.000000 0.000000 0.000000 0.000000 0.000000 0.000000 0.000000 0.000000 0.000000 0.000000 0.000000 0.000000 0.000000 0.000000 0.000000 0.000000 0.000000 0.000000 0.000000 0.000000 0.000000 0.000000 0.000000
0.345626 0.094091 0.563453 0.468753 0.288590 0.862712 0.186523 0.539973 0.909975 0.529770 0.299272 0.711253 0.642673 0.260404 0.608167 0.382136 0.839551 0.521887 0.247269 0.391932 0.501317 0.499360 0.674879 0.632467 0.244564 0.878634 0.551253 0.219790 0.340567 0.598598 0.299046 0.666610 0.732269 0.733200 0.805147 0.293236 0.139525 -0.069426 0.023649 0.766343 0.114591 0.060016 0.834470 0.743264 0.567003 0.362480 0.277170 0.366161 0.768277 0.498189 0.696938 0.108633 0.358630 0.651299 0.231123 0.011362 0.872452 0.461743 0.219308 0.160749 0.877093 0.655420 0.084188 0.291487 0.291800 0.504253 0.436076 0.581654 0.320487 0.097118 0.783919 0.737015 0.375169 99.994069 0.000000 0.000000 0.000000 0.000000 0.000000 0.000000 0.000000 0.000000 0.000000 0.000000 0.000000 0.000000 0.000000 0.000000 0.000000 0.000000 0.000000 0.000000 0.000000 0.000000 0.000000 0.000000 0.000000 0.000000 0.000000 0.000000
0.376222 0.200270 0.514240 0.247671 0.299309 0.516702 0.054034 0.638075 0.217727 0.541336 0.194447 0.340796 0.499155 0.879214 0.310789 0.754700 0.723357 0.656647 0.576684 0.215498 0.410798 0.450284 0.370221 0.645496 -0.041980 0.069524 0.555259 0.766974 0.137268 0.664476 0.095025 0.009020 0.383396 0.419610 0.499885 0.191926 0.254261 0.685876 0.816313 0.068086 0.473820 0.743039 0.634015 0.802940 0.688529 0.834944 -0.012460 0.039049 0.291970 -0.064666 0.798457 0.888567 0.786976 0.755945 0.390769 -0.024388 0.756611 0.828193 0.609353 0.018454 0.692803 0.282404 0.370776 0.531493 0.329583 -0.037307 0.654515 0.444808 0.014619 0.805941 0.598763 0.672294 -0.064029 0.101895 100.598386 0.000000 0.000000 0.000000 0.000000 0.000000 0.000000 0.000000 0.000000 0.000000 0.000000 0.000000 0.000000 0.000000 0.000000 0.000000 0.000000 0.000000 0.000000 0.000000 0.000000 0.000000 0.000000 0.000000 0.000000 0.000000
0.343165 0.265297 0.979333 0.745138 0.858474 0.914339 0.252478 0.085524 0.469328 0.070854 0.488527 0.416418 0.894684 0.068128 0.602232 0.193724 0.119467 0.367486 0.595633 0.165124 0.863915 0.002266 0.792246 0.658239 0.436018 0.107624 0.791471 0.586421 0.259108 0.863252 0.387351 0.913311 0.485802 0.542179 0.462515 0.131488 0.233436 0.677483 0.218092 0.656914 0.841921 0.311349 0.301156 0.161390 0.481302 0.529312 0.537053 0.696096 0.885337 0.268787 0.625791 0.292552 0.536197 0.859954 0.796228 -0.001137 0.068269 0.557749 0.124932 0.306544 0.030830 0.832918 -0.064919 -0.093311 0.009549 0.118034 -0.029515 0.824225 0.829717 0.056359 -0.026220 0.259133 0.012887 0.015235 0.571135 100.505126 0.000000 0.000000 0.000000 0.000000 0.000000 0.000000 0.000000 0.000000 0.000000 0.000000 0.000000 0.000000 0.000000 0.000000 0.000000 0.000000 0.000000 0.000000 0.000000 0.000000 0.000000 0.000000 0.000000 0.000000
0.969420 0.824747 0.200862 0.239291 0.037251 0.354567 0.107032 0.815135 0.647730 0.817186 0.010049 0.801822 0.209021 0.582110 0.204867 -0.003799 0.527510 0.120133 0.769101 0.467244 0.261759 0.664004 0.593497 0.663093 0.686715 0.093320 0.908314 0.073855 0.051712 0.871244 0.370913 0.329719 0.666741 0.817181 -0.006917 0.826663 0.123322 0.238388 -0.033781 0.279145 0.625453 0.877446 0.548068 0.270748 0.485010 0.583180 0.134377 0.619625 0.801009 0.715834 -0.005369 0.263885 0.327328 0.585943 0.304608 0.774059 0.061371 0.553002 0.691398 0.123057 -0.073800 0.707351 0.252937 0.583490 0.230586 0.177781 0.119584 0.200268 0.128412 -0.048284 0.789581 0.033791 0.323856 0.249779 0.136565 0.597991 100.590477 0.000000 0.000000 0.000000 0.000000 0.000000 0.000000 0.000000 0.000000 0.000000 0.000000 0.000000 0.000000 0.000000 0.000000 0.000000 0.000000 0.000000 0.000000 0.000000 0.000000 0.000000 0.000000 0.000000
0.736160 0.981084 0.686624 0.001639 0.561704 0.291279 0.402350 0.234882 0.656419 0.105260 0.363678 0.104812 -0.003214 0.584299 0.638558 0.250438 0.098123 0.675516 0.668354 0.930592 0.812067 -0.010647 -0.044033 -0.029514 0.636437 0.221111 0.189676 0.146525 0.718520 -0.024199 0.833293 0.573505 0.868223 0.045594 0.757760 0.238197 0.150440 0.256154 0.564359 0.041353 -0.053276 0.756627 0.262779 0.837750 0.699543 0.381428 0.575305 0.627594 -0.032704 0.584120 0.782229 0.289632 0.423119 0.172605 0.838769 0.666556 0.261551 0.506961 0.735537 0.223153 0.719234 0.770681 0.043081 -0.061012 0.400267 0.733621 0.405593 0.190808 0.696749 0.133093 -0.019372 0.500974 0.138965 0.234066 0.143066 0.082420 0.126304 100.800158 0.000000 0.000000 0.000000 0.000000 0.000000 0.000000 0.000000 0.000000 0.000000 0.000000 0.000000 0.000000 0.000000 0.000000 0.000000 0.000000 0.000000 0.000000 0.000000 0.000000 0.000000 0.000000
0.262189 0.884425 0.776848 0.529311 0.567959 0.753382 0.844650 0.784227 0.682821 0.130913 0.476627 0.941360 0.647217 0.787200 0.878514 0.744441 0.151051 0.816485 0.482987 0.573788 0.431815 0.098598 -0.004050 0.066897 0.414928 0.682867 -0.062455 0.586626 0.331724 0.650257 0.484572 0.275604 0.113642 0.514517 0.413683 0.774663 0.114843 0.016649 0.189212 0.359743 0.172979 0.022472 0.680892 -0.046571 0.405456 0.760287 0.225221 -0.068329 0.442856 0.471490 0.323158 0.511253 0.450535 0.858120 0.730996 0.436223 0.028697 0.384137 0.169975 0.004366 0.718004 0.136489 0.053822 0.355357 0.576188 -0.033454 0.731071 0.700648 -0.098476 -0.110667 0.129999 0.625946 0.091799 0.678477 0.799770 -0.143713 0.776106 0.043721 100.517554 0.000000 0.000000 0.000000 0.000000 0.000000 0.000000 0.000000 0.000000 0.000000 0.000000 0.000000 0.000000 0.000000 0.000000 0.000000 0.000000 0.000000 0.000000 0.000000 0.000000 0.000000
0.356547 0.281239 0.818825 0.749558 0.814702 0.935789 0.009363 0.388941 0.570754 0.405043 0.693093 0.463631 0.414415 -0.019844 -0.036884 0.564059 0.689282 0.647863 0.361653 0.064928 0.240499 0.688094 0.440040 0.182213 0.912119 0.793035 0.585365 0.222977 0.638079 0.734272 0.469156 0.286784 0.359476 -0.008513 0.544579 0.862313 -0.003074 0.064869 -0.074313 0.309859 0.653633 0.127469 0.901022 0.400309 -0.021380 0.475791 0.209639 0.713994 0.771498 0.885409 0.306725 0.147809 0.647698 0.438943 0.276309 0.818536 0.602730 0.711436 -0.044331 0.500496 0.433160 0.040670 -0.090070 0.149643 0.152870 -0.081082 0.322405 0.057670 0.431303 0.045508 0.724556 0.675420 -0.076322 0.726563 0.581726 0.186898 0.628638 0.302753 0.849666 100.106262 0.000000 0.000000 0.000000 0.000000 0.000000 0.000000 0.000000 0.000000 0.000000 0.000000 0.000000 0.000000 0.000000 0.000000 0.000000 0.000000 0.000000 0.000000 0.000000 0.000000
0.921602 0.041320 0.051990 0.043166 0.535395 0.059769 0.035173 0.441629 0.910872 0.454272 0.382054 0.696610 0.286206 0.945202 0.644965 0.214664 0.042968 0.024945 0.554726 0.279507 0.557762 0.703420 0.196156 0.765251 0.688290 0.047766 0.873751 0.129467 -0.047752 0.555819 0.862116 0.348428 0.008732 0.244373 0.348180 0.844426 0.362270 0.728771 0.147433 0.313918 0.135680 0.064787 0.528213 0.716732 0.094011 0.007243 0.483817 -0.060433 0.687073 0.174202 0.191713 0.793833 0.727409 0.832148 0.828613 0.092746 -0.081047 0.126647 0.084726 0.887854 0.191686 0.252091 0.739198 0.550384 0.730853 -0.047938 0.247772 0.542684 -0.020088 0.170045 0.470333 0.108580 0.536662 0.744888 0.773044 0.673401 0.164627 0.378138 0.324561 0.423652 100.223232 0.000000 0.000000 0.000000 0.000000 0.000000 0.000000 0.000000 0.000000 0.000000 0.000000 0.000000 0.000000 0.000000 0.000000 0.000000 0.000000 0.000000 0.000000 0.000000
0.174000 0.073163 0.079019 0.163007 0.420147 0.752471 0.306696 0.627204 0.680011 0.569452 0.298807 0.181628 0.403399 0.794883 0.606629 0.538661 0.520727 0.438261 0.664978 0.573087 0.300628 0.724117 0.817698 -0.006899 0.929956 0.547857 0.398446 0.049775 0.451709 0.573062 0.390589 -0.027934 0.694057 0.891561 0.673922 0.134160 0.249877 0.154271 0.615280 0.197788 0.802067 0.277644 0.900449 0.678328 0.761844 0.597480 0.010393 0.568127 -0.042517 0.578515 -0.026587 0.294233 0.179176 -0.032420 0.322291 0.096184 0.635039 -0.098119 0.056099 0.533543 0.109027 0.388164 0.022818 0.685384 -0.001812 0.449484 0.449523 0.465937 0.500223 0.140674 0.517920 0.592844 0.517136 0.663443 0.216473 0.770178 0.039900 0.853665 0.206108 0.704592 -0.042947 100.520372 0.000000 0.000000 0.000000 0.000000 0.000000 0.000000 0.000000 0.000000 0.000000 0.000000 0.000000 0.000000 0.000000 0.000000 0.000000 0.000000 0.000000 0.000000
0.032766 0.643444 0.317135 0.843126 0.911961 0.926233 0.429522 0.878542 0.714894 0.712805 0.149007 0.596647 0.601498 0.549058 0.352568 0.956289 0.288182 0.286181 0.617123 0.094015 0.500251 0.683114 -0.051771 0.459896 0.177821 0.101171 0.694803 0.620858 0.314033 0.033003 0.005047 0.098448 0.365189 0.077179 0.297385 0.312802 0.447192 0.345745 0.120649 0.869286 0.358418 0.312266 0.346389 -0.001478 0.167881 0.436641 0.686165 0.124476 0.840225 0.189021 0.011901 0.636270 0.354746 0.571133 0.643618 0.274030 0.083895 0.778597 0.707601 0.768446 0.200137 0.855938 -0.046320 0.022235 0.499753 0.787300 0.088296 0.406979 0.628162 0.492114 0.191694 0.717356 0.294772 0.733923 0.365475 0.176858 -0.050772 0.471030 0.023930 0.277586 0.662517 0.689239 100.052863 0.000000 0.000000 0.000000 0.000000 0.000000 0.000000 0.000000 0.000000 0.000000 0.000000 0.000000 0.000000 0.000000 0.000000 0.000000 0.000000 0.000000
0.658758 0.546785 0.298675 0.976685 0.968393 0.693645 0.934349 0.016659 0.623719 0.864523 0.668050 0.810129 0.062360 0.271702 0.578249 0.781050 0.206158 0.716033 0.398483 0.282642 0.041807 0.769068 0.661250 -0.003682 0.814534 0.408173 0.089535 0.453050 0.648391 0.297587 0.356713 0.191131 0.721976 0.143859 0.245438 0.062077 0.394907 0.419521 0.467080 -0.035608 0.394819 0.697617 0.149776 0.311596 0.078318 0.475822 0.782385 0.125933 0.514068 -0.033452 0.270992 0.007959 0.368576 0.217858 0.263314 0.116482 -0.014454 -0.036411 0.819771 0.436140 0.855827 -0.067848 -0.059508 0.171264 0.539237 0.315487 0.831221 0.019182 -0.098648 0.397714 0.118462 0.287305 0.708933 0.640515 0.046873 -0.123309 0.077082 0.835026 0.666337 0.797665 0.341990 0.061699 0.589868 100.229890 0.000000 0.000000 0.000000 0.000000 0.000000 0.000000 0.000000 0.000000 0.000000 0.000000 0.000000 0.000000 0.000000 0.000000 0.000000 0.000000
0.629210 0.887659 0.948413 0.097997 0.016930 0.372163 0.229917 0.949622 0.598163 0.216500 0.293832 0.839014 0.159072 0.067227 0.866249 0.681575 0.663114 0.380490 0.559554 0.053644 0.391608 0.794778 0.457486 0.514214 0.660016 0.249147 0.656917 0.564559 0.815849 0.095051 0.348446 0.808031 0.299998 0.841434 -0.021504 0.485048 0.740481 0.367265 0.471133 0.902951 0.269913 0.229028 0.500167 0.161661 0.619463 0.175309 0.052724 0.271247 0.643586 0.195229 0.464677 0.699312 0.792873 0.870688 0.120657 0.519048 0.684241 0.551857 0.422592 0.463803 0.238120 0.142038 0.026429 0.432864 0.031699 0.086434 0.374336 0.814507 0.844512 0.328007 0.009678 -0.122976 0.630368 0.438759 0.798699 -0.000159 0.496422 0.506381 0.563622 0.802972 -0.124926 0.458162 0.724431 0.182223 100.056313 0.000000 0.000000 0.000000 0.000000 0.000000 0.000000 0.000000 0.000000 0.000000 0.000000 0.000000 0.000000 0.000000 0.000000 0.000000
0.014938 0.746989 0.368552 0.009461 0.044845 0.245144 0.009765 0.737665 0.704075 0.338847 0.082500 0.701565 0.219459 0.636980 0.516670 0.850517 0.096189 0.850827 0.214638 0.394500 0.389852 0.047760 0.804268 0.342347 0.556282 0.233943 0.886719 0.215912 0.734743 0.155723 0.548967 0.749147 0.478467 0.693782 0.912438 0.804471 -0.057037 0.644027 0.224226 0.938013 0.824910 0.087015 0.074170 0.875899 0.563476 0.216709 0.227601 -0.022374 0.583928 0.152776 0.466993 0.732499 0.181627 0.168624 0.815232 -0.052011 0.569463 0.426312 0.820197 0.051234 0.193123 0.630803 0.144841 0.493669 0.095992 0.578132 0.401745 0.784787 0.847445 0.605696 0.696898 0.012594 0.499411 -0.114187 0.093142 -0.131595 0.030487 0.367315 0.293781 0.157328 0.812488 0.722054 0.414790 0.577908 0.788621 100.816557 0.000000 0.000000 0.000000 0.000000 0.000000 0.000000 0.000000 0.000000 0.000000 0.000000 0.000000 0.000000 0.000000 0.000000
0.989876 0.805931 0.312198 0.787390 0.355284 0.074156 0.075322 0.129678 0.729229 0.430094 0.880270 0.886860 0.963148 0.298769 0.327317 0.954431 0.609731 0.693809 0.318355 0.311581 0.278288 0.418694 0.116137 0.718986 0.084751 0.127737 0.676795 0.385492 0.247713 0.124371 0.859157 0.850366 -0.007876 0.607796 -0.070243 0.195239 0.070772 0.658764 0.874412 0.746272 0.018506 0.513447 0.727442 0.270616 0.348770 0.522017 0.706010 0.784464 0.526363 0.639177 0.002597 0.063247 0.766251 -0.105436 0.138395 0.396323 0.811729 -0.027173 0.631626 -0.044728 0.717267 0.652094 0.277170 0.732881 0.238543 -0.119284 -0.044609 0.622528 -0.121012 0.314804 0.825176 -0.046465 0.191944 0.194623 0.122539 0.506344 0.488779 0.210853 0.301120 0.198267 0.080094 0.723664 0.570672 0.489331 0.253303 0.221147 100.172054 0.000000 0.000000 0.000000 0.000000 0.000000 0.000000 0.000000 0.000000 0.000000 0.000000 0.000000 0.000000 0.000000
0.132348 0.054121 0.459977 0.772938 0.832248 0.145566 0.094500 0.641135 0.042353 0.416335 0.287551 0.031926 0.725305 0.183262 0.153999 -0.000373 0.120277 0.643340 0.248258 0.194822 -0.037223 0.456404 0.403414 0.447928 0.819111 0.609034 0.055427 0.027216 0.420172 0.084112 0.817952 0.036554 0.889138 0.681728 0.796329 0.003232 0.316628 0.864061 0.933845 0.431879 0.737507 0.558617 0.461998 0.741398 0.266365 0.673939 0.059760 0.593603 0.192846 0.418958 -0.074176 0.275754 -0.026516 0.385415 0.103341 0.484673 0.621764 0.083721 0.521105 0.175895 0.777567 0.339322 0.424559 0.794373 0.440282 0.304925 0.570963 0.859733 -0.000405 0.490888 0.430803 -0.091035 0.385662 0.866278 0.045780 0.159183 0.779956 0.315912 0.862258 0.010041 0.218949 0.635706 0.869755 0.571943 0.183480 0.033034 0.027898 100.717757 0.000000 0.000000 0.000000 0.000000 0.000000 0.000000 0.000000 0.000000 0.000000 0.000000 0.000000 0.000000
0.194846 0.851062 0.153167 0.623925 0.982246 0.516712 0.792481 0.245413 0.822871 0.681558 0.818922 0.430539 0.254719 0.722313 0.518493 0.428408 0.780597 0.819423 0.200384 0.152454 0.395667 0.198296 0.268906 0.052593 0.502785 0.458622 0.498048 -0.053579 0.290718 0.057537 0.323006 0.322853 0.760449 0.352750 0.766489 0.065787 0.040400 0.375555 0.907698 0.029434 0.820128 -0.086370 0.032580 0.154174 -0.057379 0.854454 0.520928 0.762870 0.437061 -0.015548 0.821331 0.743296 0.684103 0.599355 0.616582 0.725780 0.596758 0.495396 0.474896 0.338027 0.492116 0.762065 0.631395 0.265538 0.249418 0.838879 -0.111033 0.482394 0.757795 0.195037 0.323981 0.329164 -0.016628 0.315272 0.156526 0.085721 0.383301 0.373513 0.669456 0.605277 0.513113 0.083670 0.763589 0.276574 0.787434 0.001066 0.448738 0.156863 100.042504 0.000000 0.000000 0.000000 0.000000 0.000000 0.000000 0.000000 0.000000 0.000000 0.000000 0.000000
0.080176 0.219114 0.175460 0.405353 0.054669 0.046328 0.605278 0.284567 0.033613 0.334403 0.439812 0.642450 0.566435 0.370066 0.494519 0.073899 0.607170 0.696613 0.138267 0.204103 0.616809 0.105696 0.675381 0.005390 0.597750 0.173350 0.115988 0.542133 0.237830 0.548039 0.180260 0.119282 0.584106 0.559359 -0.003164 0.466035 0.247554 0.608792 0.133609 0.742554 0.415599 0.149748 0.890733 0.186629 0.823066 0.409227 0.244907 0.402424 0.765387 0.858543 0.464096 0.282531 0.636825 0.565991 0.409978 0.190429 0.123988 0.090713 -0.055142 -0.029983 0.470723 0.356389 0.732669 0.337984 0.821179 0.251066 0.344170 0.460940 0.088801 0.464296 0.885815 0.517820 -0.051473 0.048333 0.795894 0.596277 0.705671 -0.064397 0.279706 0.340015 0.611375 0.708064 0.810450 0.264063 0.007528 0.519256 0.128057 0.017240 0.612203 100.509741 0.000000 0.000000 0.000000 0.000000 0.000000 0.000000 0.000000 0.000000 0.000000 0.000000
0.000673 0.018718 0.777722 0.055248 0.383551 0.827433 0.912281 0.710538 0.388713 0.041044 0.848644 0.506889 0.874222 0.662264 0.577378 -0.032975 0.586937 0.417130 0.713283 0.087116 0.449376 0.162982 0.917403 0.025760 0.442235 0.950975 0.615958 0.756902 0.389739 0.822109 0.628806 0.314668 0.606338 0.298532 0.138942 0.146508 0.054840 0.039500 0.076709 0.117662 0.196206 0.895886 0.875926 0.703397 0.759323 -0.051538 -0.015480 0.314736 0.114147 0.400390 0.611668 0.241796 0.427737 0.051330 0.858653 0.340068 0.199239 0.552879 0.467998 0.362915 0.488120 0.770250 0.863165 0.549087 0.260545 0.063327 0.016439 0.730176 0.702845 0.758615 0.108564 0.726173 0.569874 0.248480 0.484141 0.445881 0.675876 0.307297 0.215074 -0.088647 0.243053 0.721643 0.266186 0.407262 0.445643 0.447741 0.515081 0.111230 -0.024980 0.554223 100.084183 0.000000 0.000000 0.000000 0.000000 0.000000 0.000000 0.000000 0.000000 0.000000
0.070166 0.342783 0.780968 0.899350 0.513853 0.586872 0.038663 0.405898 0.692303 0.962983 0.459070 0.870511 0.819000 0.134429 0.037039 0.010412 0.311860 0.511739 0.646699 0.375856 0.417126 0.517365 0.078239 0.934142 0.052358 0.399146 0.688358 0.346908 0.409875 0.876944 0.866338 0.778025 0.820764 0.039809 0.171773 -0.048101 0.301885 -0.066442 0.176639 0.436089 0.780360 0.589163 0.646555 0.713423 -0.004631 0.798606 0.707817 0.358725 0.498094 0.563998 0.259236 0.200844 -0.076466 0.301823 0.861123 0.275771 -0.048705 0.450765 0.856612 -0.029096 0.626723 0.679844 0.009535 0.761529 0.681292 -0.070581 0.190504 0.539227 0.390937 0.579448 0.551683 0.567288 0.791921 0.561601 0.332700 0.237697 -0.053907 0.416467 0.634392 0.751701 0.399809 -0.092520 0.160020 0.426796 0.782974 0.464566 -0.026325 0.768766 0.328652 -0.131300 0.735623 100.714957 0.000000 0.000000 0.000000 0.000000 0.000000 0.000000 0.000000 0.000000
0.650610 0.758586 0.021410 0.559607 0.946683 0.253879 0.616313 0.205738 0.266349 0.649694 -0.027725 0.888936 0.807081 0.279116 0.593042 0.002718 0.064516 0.765790 0.189452 0.451775 0.376987 0.013712 0.240720 0.704300 0.354908 0.524382 0.542740 0.727955 0.056594 0.940078 0.508433 0.229879 0.614828 0.062401 0.287148 0.878498 0.091548 0.331482 0.270826 0.648069 0.852254 0.907211 -0.003330 0.471373 0.232659 0.844481 0.214886 0.193361 0.543174 0.183077 0.505766 0.870068 0.367658 0.812798 -0.043315 0.229516 0.371651 0.643811 0.512735 0.170843 0.753895 -0.011541 0.048112 0.152498 0.741299 0.532399 0.196994 0.654429 0.399725 0.237021 -0.019073 0.401237 0.378588 0.007080 0.162227 0.453500 0.167359 0.504330 0.560428 0.418843 0.468175 0.306801 0.320554 -0.018584 0.020734 0.334043 0.476998 0.058528 0.362651 0.124070 0.288040 0.742578 100.555681 0.000000 0.000000 0.000000 0.000000 0.000000 0.000000 0.000000
0.334143 0.021214 0.908233 0.356603 0.402639 0.862288 0.845398 0.573682 0.727863 0.254297 0.766746 0.274395 0.106880 0.672577 0.360074 0.794395 0.042775 0.471951 0.190476 0.872399 0.433321 0.277674 0.885621 0.327310 0.863214 0.801587 0.704120 0.333680 0.628497 0.453126 0.339443 0.729723 0.153880 0.090545 0.147447 0.638285 0.455185 0.223984 0.410920 0.892956 0.461035 0.527456 -0.004590 0.425957 0.671881 0.272507 0.643432 0.701546 0.709091 0.441147 0.067266 0.702157 0.700444 0.239536 -0.001659 0.583482 0.344845 0.367811 0.741944 0.141176 -0.058604 -0.046547 0.651040 0.857307 0.600192 0.823944 0.739291 0.160491 0.629697 0.303165 0.177180 0.405653 0.195035 0.786712 0.308079 0.778022 0.383255 0.597535 -0.061247 -0.019828 0.113819 0.462143 0.787464 0.322473 0.613662 -0.089571 0.127514 -0.074267 0.249214 0.379324 0.035637 0.237816 0.654100 100.150189 0.000000 0.000000 0.000000 0.000000 0.000000 0.000000
0.252270 0.542505 0.478561 0.934633 0.320936 0.780180 0.446320 0.382040 0.925504 0.381821 0.408404 0.063711 0.796468 0.940609 0.403042 0.439689 0.005860 0.843295 0.402855 -0.025677 0.915213 0.025754 0.772652 0.777700 0.627004 0.494579 0.697158 0.432038 0.263161 0.261458 0.609710 0.117960 0.089178 0.289046 0.636894 -0.058245 0.319653 0.872579 0.002618 0.201215 0.312171 0.628310 0.645989 0.452581 0.336984 0.641355 0.067397 0.429417 0.439896 0.620370 0.452129 -0.089881 0.334004 0.116655 0.025655 0.816883 0.847502 0.476772 -0.063969 0.380543 0.545560 0.437840 0.448093 0.820839 -0.012661 0.630157 0.523524 0.373106 -0.070801 0.196316 -0.011194 0.324771 0.115491 0.393481 0.551884 0.172923 0.563982 0.029605 0.337600 0.784794 0.572702 0.308561 0.527032 -0.019486 0.557861 0.532632 0.788861 0.024622 0.348619 0.480472 0.666258 0.522163 -0.139063 0.223542 100.505551 0.000000 0.000000 0.000000 0.000000 0.000000
0.027492 0.238893 0.373840 0.275362 0.591035 0.885838 0.666405 0.623684 0.648686 0.838839 0.099902 0.744782 0.340591 0.644236 0.770763 0.439386 0.752705 0.617304 0.636347 0.786923 0.367519 0.324414 0.163959 0.310103 0.697096 0.033323 0.504716 -0.009943 0.076819 0.608727 0.491511 -0.023146 0.679588 0.681430 0.885290 -0.026824 0.200356 0.763737 0.685720 0.312695 0.433427 0.768819 0.025135 0.894183 -0.006384 0.367025 0.734624 0.346685 0.510292 0.480803 0.829802 0.044144 -0.055729 0.752680 0.396523 0.272760 0.413254 0.722890 -0.094439 0.629814 0.286247 0.111256 0.182431 0.328229 0.599193 0.661946 0.489575 0.778134 0.049889 -0.054712 0.830735 0.360444 0.160547 0.613349 0.475893 -0.131419 -0.092576 0.740851 0.222083 0.003429 0.342721 -0.111230 0.197409 0.715532 0.568729 0.420368 -0.140175 0.294513 0.602643 0.217719 0.135809 0.104996 0.707475 0.118700 0.584709 100.287752 0.000000 0.000000 0.000000 0.000000
0.956928 0.767558 0.778833 0.249078 0.720773 0.439623 0.410923 0.586392 0.062221 0.674984 0.423970 0.361941 0.579399 0.798760 0.440557 0.074051 0.808795 -0.009677 0.027016 0.321321 0.369531 0.688073 0.610543 0.882532 -0.038179 0.167085 0.329212 0.499322 0.458223 0.689535 0.510353 0.930509 0.192521 0.748332 0.136993 -0.034728 -0.067356 -0.007136 0.575942 0.625850 0.001156 0.874901 0.687537 -0.030517 0.825650 -0.027291 -0.055626 -0.027700 0.907541 0.120450 0.196962 -0.092100 0.323437 0.761246 -0.041170 -0.082071 0.613288 0.822162 0.723111 0.730131 0.302505 0.673184 0.637245 0.448239 0.185504 -0.062367 0.528010 0.264642 0.109689 0.361189 0.611133 -0.022563 0.277340 -0.011763 0.700709 0.631419 -0.089562 -0.137226 0.006430 0.789934 -0.063522 -0.020038 0.231709 -0.140567 0.266933 0.615249 0.114341 0.549447 0.476221 0.520172 0.035414 -0.131355 0.802122 -0.079072 -0.117658 0.204903 100.719709 0.000000 0.000000 0.000000
0.169762 0.682655 0.191677 0.750895 0.625209 0.968765 0.833731 0.557284 0.637183 0.092043 0.131930 0.738397 0.202076 0.856451 0.510391 0.792457 0.442951 0.529424 0.947759 0.194743 0.408979 0.144309 0.915651 0.033831 0.454655 0.516579 -0.035208 0.374866 0.050746 0.643289 0.363826 0.920168 0.849641 0.464683 0.390020 -0.028695 0.813040 0.071466 -0.059971 0.462404 0.737246 0.488192 0.203347 0.915294 0.222300 0.793824 0.263388 0.305226 0.180669 0.257183 0.178671 0.309149 0.705390 0.263667 0.754664 0.320886 0.011609 0.243497 0.682332 0.131415 -0.019402 0.175962 0.728565 0.531608 0.863002 0.300202 0.550292 0.664745 0.706348 0.568668 0.468830 0.829609 0.489274 0.144574 0.329795 0.695674 0.168589 0.754598 0.825946 0.168181 0.174110 0.660842 -0.072010 0.830946 0.500956 0.554182 -0.033682 0.796695 0.661885 0.357688 0.267229 0.305073 0.295065 0.058570 0.592861 0.734602 -0.065698 100.102304 0.000000 0.000000
0.981374 0.439707 0.091763 0.479975 0.662160 0.353056 0.719993 0.462140 0.871400 0.449312 0.631890 0.415736 0.732469 0.382309 0.475785 0.262058 0.013806 0.898174 0.124868 0.704039 0.066717 0.613440 0.566549 0.810430 0.713069 0.779818 0.169283 0.449928 0.810474 -0.004382 0.230350 0.665555 0.287402 0.157056 0.726230 0.493444 0.269006 0.407065 0.609491 0.056055 0.335784 0.643245 0.333070 0.507787 0.068287 0.157177 0.502799 0.138194 0.783872 0.088587 -0.023087 0.145959 0.751694 0.846085 0.458343 0.649981 0.756082 0.185705 -0.013906 -0.068797 -0.048595 0.411994 0.476225 0.783892 -0.077140 0.768341 0.409391 0.278692 0.235930 0.648089 -0.059603 -0.053924 0.612718 0.239929 0.673907 0.562207 0.142710 0.615550 0.235191 -0.120483 0.489520 0.080405 0.758581 0.635880 0.501416 0.345507 0.329332 0.344008 0.282831 0.153422 0.147528 -0.001160 -0.014872 0.436288 0.045822 0.076154 0.543149 0.432825 100.482964 0.000000
0.676160 0.382928 0.767650 0.114956 0.877924 0.974465 0.762788 0.301662 -0.026842 0.044004 0.549384 0.224254 -0.016562 0.184852 0.049357 0.545421 0.903897 0.792392 0.849622 0.486428 0.872607 0.759734 0.846912 0.857223 0.510543 0.112089 0.234092 0.849893 0.369998 0.695624 0.169727 0.714846 0.919550 -0.057256 0.741164 0.688156 0.235894 0.783425 -0.056732 0.811160 0.642914 -0.000088 0.592022 -0.068149 0.012632 0.850199 -0.102658 0.362883 0.087147 -0.049004 -0.103775 0.044633 0.835989 -0.108490 0.120042 0.698844 -0.006243 0.348200 0.484067 0.802926 0.091589 0.568092 -0.079409 0.425564 0.796185 0.023237 0.727117 0.462651 0.338733 0.697393 0.712559 0.248742 0.741804 0.242000 0.783274 0.551799 0.685291 0.468765 0.254078 0.625243 0.056994 -0.119704 0.153394 0.456792 0.168468 0.794211 0.694272 0.534408 0.640951 0.749697 0.776050 0.171161 0.092514 0.280457 -0.186967 0.116003 -0.026781 0.565664 0.695640 99.852023
