100.240480 0.420119 0.342031 0.792384 0.661593 0.709598 0.264708 0.178141 0.935410 0.432572 0.830483 0.550753 0.358219 0.261628 0.484047 0.059502 0.279395 0.230092 0.974087 0.929631 0.752329 0.034871 0.222290 0.699993 0.002208 0.082374 0.758983 0.080412 0.262057 0.133325 0.130235 0.047492 0.633895 0.579934 0.743323 0.116623 0.194381 0.566501 0.145072 0.230597 0.628227 0.004126 0.786428 0.336170 0.532857 0.834361 0.040159 0.501300 0.435695 0.193595 0.876508 0.590506 0.652249 0.782096 0.204298 0.380932 0.299526 0.581772 0.621426 0.694111 0.329997 0.030755 0.691603 0.086345 0.741853 0.974241 0.835904 0.266884 0.039358 0.885131 0.278562 0.328450 0.616001 0.953762 0.565204 0.635730 0.374396 0.634530 0.383465 0.745012 0.790827 0.155157 0.297747 0.457492 0.583404 0.995240 0.847068 0.281804 0.492989 0.717718 0.734394 0.349097 0.604700 0.662948 0.676810 0.288927 0.839002 0.737842 0.311340 0.427987
0.423419 100.720816 0.589105 0.373484 0.048238 0.146634 0.447186 0.205244 0.308065 0.923843 0.721706 0.710859 0.928839 0.564497 0.982929 0.078585 0.812622 0.788873 0.958203 0.878173 0.624406 0.214271 0.704283 0.873861 0.014636 0.832898 0.176094 0.890983 0.595983 0.054489 0.629899 0.491629 0.109316 0.039321 0.594090 0.602082 0.576408 0.048814 0.407201 0.446145 0.351288 0.998609 0.143355 0.034552 0.689232 0.266237 0.262524 0.703122 0.708699 0.269924 0.061067 0.330423 0.353996 0.386213 0.287052 0.008483 0.415724 0.707761 0.080379 0.683700 0.944058 0.571599 0.976291 0.870643 0.757149 0.623770 0.179445 0.886680 0.220863 0.136549 0.070020 0.049889 0.419262 0.050165 0.606586 0.885848 0.319740 0.088504 0.807080 0.183148 0.703319 0.085713 0.217207 0.965088 0.247961 0.989982 0.160671 0.119279 0.239532 0.304529 0.690552 0.631615 0.532600 0.487066 0.540545 0.407996 0.399287 0.019985 0.397981 0.094952
0.251187 0.324721 100.769763 0.270447 0.009820 0.186069 0.734274 0.125216 0.679799 0.297490 0.012324 0.759019 0.330035 0.165186 0.322525 0.989485 0.285291 0.497648 0.844283 0.045278 0.908661 0.411102 0.476496 0.430558 0.374877 0.378927 0.633315 0.187888 0.012523 0.697988 0.576610 0.954382 0.302920 0.753622 0.299090 0.756709 0.340228 0.384549 0.425041 0.415324 0.806029 0.567082 0.367360 0.709925 0.792881 0.032027 0.265842 0.676161 0.220408 0.233246 0.438837 0.763989 0.883327 0.993552 0.814370 0.098122 0.025229 0.619625 0.763436 0.611146 0.039358 0.807908 0.785477 0.280953 0.954084 0.062905 0.794807 0.524918 0.273743 0.620331 0.055887 0.576545 0.460229 0.781953 0.373983 0.526881 0.546854 0.970664 0.220155 0.477699 0.382303 0.864689 0.002253 0.549569 0.480456 0.631706 0.210277 0.364544 0.918268 0.899603 0.556743 0.806343 0.277142 0.214528 0.192205 0.973470 0.168776 0.082455 0.837173 0.353747
0.549018 0.319292 0.094329 100.715697 0.517678 0.423082 0.382967 0.187297 0.238910 0.435453 0.496305 0.921423 0.472503 0.948610 0.650162 0.677147 0.133993 0.020281 0.704389 0.728915 0.975673 0.980174 0.213735 0.497602 0.445947 0.528150 0.667933 0.964344 0.448511 0.406258 0.517723 0.089203 0.508439 0.532776 0.758109 0.644233 0.599397 0.477838 0.794937 0.306863 0.634124 0.662013 0.073823 0.992135 0.273353 0.004839 0.915652 0.660718 0.207120 0.363700 0.776491 0.038735 0.820454 0.697601 0.230673 0.215514 0.740301 0.967863 0.487092 0.464989 0.363322 0.994660 0.272717 0.334448 0.197642 0.739019 0.159323 0.033314 0.082470 0.450437 0.957446 0.854467 0.192151 0.411451 0.108754 0.056829 0.177909 0.993563 0.756489 0.944621 0.676761 0.716484 0.886312 0.023012 0.343893 0.244918 0.716665 0.834673 0.658940 0.273655 0.460373 0.229569 0.164034 0.280195 0.199598 0.315789 0.309508 0.368289 0.316451 0.274340
0.651975 0.358833 0.637411 0.505599 100.540196 0.080472 0.284267 0.123961 0.976075 0.432006 0.838947 0.724524 0.517115 0.655317 0.764384 0.395374 0.457797 0.320317 0.674929 0.394185 0.680346 0.912700 0.341296 0.903042 0.248692 0.083174 0.009022 0.423191 0.578266 0.862749 0.679313 0.863126 0.630330 0.983156 0.470993 0.346812 0.142016 0.016162 0.139665 0.603370 0.860966 0.409423 0.574268 0.333377 0.971960 0.321082 0.836959 0.418880 0.502569 0.113075 0.356433 0.662315 0.627476 0.136806 0.621917 0.124428 0.851259 0.660365 0.326064 0.325486 0.884319 0.004173 0.634698 0.266699 0.510383 0.862180 0.546943 0.837151 0.171034 0.805096 0.946203 0.754426 0.853987 0.526497 0.453842 0.556677 0.319276 0.117184 0.328306 0.692921 0.259866 0.470284 0.286079 0.466010 0.783734 0.925144 0.141270 0.928572 0.986635 0.138173 0.154080 0.603520 0.024877 0.307103 0.858318 0.973009 0.661094 0.360190 0.904891 0.942619
0.419857 0.633683 0.328366 0.894815 0.693063 100.771834 0.069267 0.016498 0.644934 0.881941 0.366255 0.902193 0.625008 0.127137 0.841752 0.781355 0.821597 0.219865 0.423355 0.103044 0.436587 0.731367 0.354507 0.340034 0.521004 0.125283 0.469682 0.276326 0.778393 0.304753 0.858836 0.677879 0.798995 0.309589 0.949232 0.439111 0.325326 0.593481 0.626395 0.105199 0.420215 0.747084 0.538745 0.496229 0.134057 0.683465 0.615866 0.756578 0.013849 0.964727 0.739722 0.015832 0.960989 0.042710 0.926633 0.500421 0.635152 0.353491 0.270308 0.390497 0.034299 0.531429 0.008969 0.994673 0.096913 0.196366 0.706192 0.976962 0.448001 0.442406 0.242381 0.237622 0.885580 0.320728 0.454323 0.089016 0.792928 0.185220 0.048809 0.134450 0.925510 0.995274 0.088948 0.808415 0.980728 0.508425 0.998454 0.300450 0.029632 0.099070 0.278189 0.576846 0.192838 0.753682 0.798134 0.944715 0.558542 0.088668 0.111694 0.865588
0.738518 0.339608 0.596506 0.794474 0.190955 0.216063 100.004077 0.854059 0.897385 0.703827 0.752233 0.334309 0.832903 0.147600 0.604389 0.301805 0.389585 0.500193 0.205980 0.898920 0.499846 0.726188 0.941657 0.858575 0.707038 0.026073 0.668520 0.074196 0.402640 0.396502 0.719732 0.725908 0.080102 0.296502 0.692484 0.326507 0.890756 0.198160 0.904367 0.815526 0.912327 0.593031 0.089599 0.163305 0.084081 0.938577 0.586396 0.387958 0.467763 0.546882 0.429541 0.375974 0.779707 0.606075 0.337978 0.283207 0.174305 0.734137 0.787900 0.940622 0.963928 0.128764 0.900010 0.227355 0.844536 0.064072 0.345503 0.397224 0.294052 0.134988 0.244792 0.395477 0.506485 0.888088 0.748796 0.437067 0.784544 0.983036 0.844663 0.884769 0.223456 0.693875 0.656829 0.719453 0.916631 0.615112 0.378669 0.254394 0.384998 0.357111 0.912405 0.115163 0.393545 0.706391 0.434555 0.163631 0.800348 0.135584 0.529541 0.775398
0.588152 0.322723 0.987583 0.581040 0.002397 0.795871 0.585756 100.120071 0.710010 0.767751 0.061438 0.799804 0.141862 0.463640 0.641177 0.746964 0.359192 0.209038 0.257289 0.614378 0.298489 0.912942 0.276159 0.462196 0.841291 0.733380 0.820367 0.395168 0.927627 0.864362 0.321317 0.772992 0.500021 0.918326 0.855368 0.866080 0.022036 0.512879 0.080932 0.338491 0.325240 0.836078 0.080274 0.968945 0.906531 0.735836 0.427961 0.564389 0.731895 0.059908 0.932243 0.041829 0.294949 0.434643 0.717421 0.738153 0.552835 0.950831 0.991341 0.502413 0.023815 0.894005 0.950136 0.952158 0.960739 0.149986 0.138987 0.758114 0.566875 0.421920 0.077704 0.102034 0.503649 0.565284 0.037976 0.162909 0.727298 0.524138 0.430000 0.007229 0.539877 0.181016 0.519771 0.241030 0.814169 0.803628 0.225610 0.526781 0.992711 0.002916 0.111241 0.535633 0.226202 0.591317 0.771096 0.367654 0.017692 0.695202 0.342234 0.025247
0.090257 0.939160 0.138974 0.850273 0.386605 0.002259 0.771322 0.225038 100.358332 0.013942 0.881840 0.276282 0.920711 0.518855 0.523138 0.861032 0.983922 0.156070 0.974655 0.656595 0.362340 0.249065 0.128316 0.990584 0.101660 0.378630 0.115483 0.538633 0.211106 0.323701 0.839442 0.596300 0.369537 0.041276 0.569138 0.836752 0.936717 0.719308 0.655888 0.396268 0.796446 0.724572 0.407419 0.562630 0.467265 0.946802 0.417853 0.811458 0.537451 0.099562 0.566532 0.241187 0.910721 0.415157 0.688710 0.000350 0.191066 0.720941 0.224954 0.122431 0.782698 0.410347 0.340340 0.153424 0.682304 0.628495 0.404745 0.867840 0.860506 0.423724 0.297153 0.439906 0.620171 0.576278 0.871303 0.940481 0.658958 0.122024 0.324671 0.231593 0.224735 0.624882 0.750402 0.864665 0.387854 0.681430 0.874291 0.758716 0.426476 0.587124 0.352381 0.615484 0.785586 0.206092 0.450951 0.221610 0.280484 0.034859 0.000938 0.091059
0.146621 0.988382 0.566961 0.493369 0.122167 0.882046 0.347068 0.348841 0.209956 100.617585 0.721267 0.296784 0.085809 0.701979 0.512175 0.159935 0.001054 0.949563 0.432846 0.377966 0.309285 0.951755 0.563955 0.180177 0.563264 0.445722 0.099741 0.811165 0.225955 0.983595 0.525930 0.326779 0.156436 0.135270 0.457030 0.160231 0.822064 0.988913 0.612897 0.579139 0.317755 0.800495 0.579504 0.827952 0.965146 0.787854 0.867534 0.212482 0.267140 0.200923 0.039040 0.997351 0.282914 0.733693 0.215423 0.179131 0.203885 0.179669 0.377769 0.602841 0.199684 0.739110 0.465385 0.279157 0.488305 0.805318 0.931293 0.055964 0.924769 0.547065 0.065921 0.456316 0.258531 0.095354 0.984398 0.805991 0.144999 0.651014 0.707490 0.506416 0.115154 0.338833 0.329424 0.338734 0.689792 0.662269 0.663585 0.322973 0.888226 0.940457 0.290985 0.334903 0.816379 0.332124 0.363000 0.045321 0.936366 0.992128 0.441060 0.454408
0.529445 0.038419 0.303441 0.466591 0.465628 0.220329 0.562752 0.684892 0.814417 0.066769 100.085607 0.582332 0.991563 0.030478 0.745075 0.759461 0.046883 0.974759 0.831089 0.013031 0.366000 0.880099 0.633937 0.232476 0.210303 0.773148 0.115333 0.275799 0.245076 0.691366 0.616399 0.316480 0.657681 0.514043 0.273854 0.994914 0.045385 0.256089 0.596067 0.861411 0.681757 0.653720 0.095213 0.274054 0.925705 0.255326 0.972193 0.621936 0.500888 0.493375 0.960837 0.145443 0.368148 0.687900 0.845922 0.670925 0.123949 0.054691 0.778297 0.260109 0.546721 0.854436 0.995222 0.456876 0.541008 0.771093 0.266054 0.443892 0.865057 0.914777 0.504281 0.720707 0.193041 0.595144 0.420113 0.693142 0.513622 0.050160 0.526115 0.895764 0.807964 0.861643 0.597757 0.721332 0.315305 0.686261 0.777454 0.725404 0.471308 0.922160 0.741642 0.746557 0.723552 0.187441 0.809209 0.033934 0.563553 0.898248 0.411757 0.398842
0.603870 0.775193 0.188887 0.105861 0.286733 0.927418 0.410029 0.667202 0.631721 0.787400 0.719404 100.856059 0.349812 0.729225 0.802351 0.284830 0.528989 0.935042 0.645756 0.539293 0.647584 0.930938 0.696279 0.343890 0.755491 0.395957 0.191814 0.303316 0.169121 0.106844 0.679429 0.075746 0.381312 0.680442 0.246906 0.465013 0.027717 0.262619 0.287368 0.383104 0.437722 0.871010 0.807026 0.191244 0.796860 0.991333 0.442003 0.569697 0.036677 0.598553 0.968096 0.154249 0.685722 0.189729 0.650124 0.047781 0.235540 0.245643 0.845375 0.612524 0.255864 0.582562 0.724271 0.537401 0.000494 0.303782 0.771833 0.761358 0.919844 0.940846 0.201993 0.334774 0.244185 0.550376 0.187565 0.144018 0.483322 0.097404 0.031538 0.080110 0.336577 0.968482 0.276617 0.291148 0.538911 0.648692 0.369733 0.925473 0.204589 0.670943 0.656738 0.276056 0.550746 0.800268 0.283338 0.133207 0.953045 0.063367 0.437249 0.539936
0.744042 0.993363 0.727637 0.510962 0.675961 0.765932 0.905372 0.269803 0.937935 0.140336 0.951148 0.935574 100.969385 0.438374 0.660019 0.059778 0.271080 0.222639 0.962635 0.896337 0.572373 0.837711 0.296649 0.593082 0.631049 0.024158 0.226615 0.223692 0.583394 0.017366 0.015525 0.247451 0.141200 0.612004 0.345015 0.608419 0.986313 0.159959 0.882175 0.350708 0.005983 0.459905 0.826587 0.105900 0.935315 0.987857 0.687824 0.600182 0.571344 0.108113 0.664171 0.465563 0.727648 0.283977 0.958075 0.634938 0.583788 0.401444 0.900605 0.954044 0.611655 0.187307 0.531574 0.603735 0.805460 0.805637 0.395745 0.485887 0.873457 0.812559 0.537240 0.418530 0.741439 0.291845 0.176486 0.529210 0.554750 0.420127 0.004640 0.045012 0.926559 0.872766 0.398929 0.349740 0.459015 0.978854 0.234308 0.374388 0.845495 0.670616 0.214872 0.869608 0.233423 0.000564 0.119370 0.513276 0.932940 0.577318 0.901041 0.831102
0.352267 0.032893 0.490198 0.673624 0.609090 0.117839 0.914812 0.869384 0.072367 0.590569 0.867318 0.757072 0.462235 100.884604 0.891309 0.431018 0.445093 0.409680 0.310178 0.376170 0.495204 0.923867 0.992889 0.438221 0.689216 0.459568 0.579461 0.155371 0.928292 0.819726 0.199243 0.757003 0.190380 0.210625 0.105007 0.297742 0.633135 0.266277 0.459699 0.751709 0.660589 0.857968 0.319160 0.376703 0.774891 0.605570 0.207659 0.449281 0.421953 0.533293 0.929538 0.564349 0.174820 0.141519 0.900823 0.967765 0.886134 0.868710 0.977409 0.473269 0.716995 0.811786 0.762844 0.380259 0.261072 0.614550 0.060429 0.776762 0.533325 0.102732 0.198612 0.903209 0.779256 0.648212 0.379873 0.660830 0.140545 0.986284 0.583668 0.034380 0.089415 0.295579 0.362549 0.641518 0.473416 0.099014 0.922211 0.703874 0.332789 0.139352 0.347154 0.728921 0.910129 0.979180 0.485700 0.246027 0.781118 0.679738 0.934067 0.950365
0.361553 0.256731 0.284752 0.854908 0.555058 0.621882 0.379343 0.431617 0.544212 0.460126 0.130282 0.509232 0.309639 0.640129 100.931302 0.663877 0.349177 0.488594 0.460124 0.750126 0.535736 0.788666 0.270506 0.081482 0.349445 0.851410 0.759319 0.957786 0.515592 0.519950 0.324513 0.502384 0.662742 0.351582 0.424996 0.817460 0.276988 0.028246 0.371598 0.677037 0.903892 0.733521 0.171840 0.070922 0.774181 0.852237 0.772643 0.298701 0.972045 0.650006 0.961846 0.931156 0.693501 0.310265 0.721758 0.961233 0.949095 0.083433 0.018565 0.297525 0.063478 0.757604 0.353353 0.030029 0.805417 0.500230 0.926886 0.477259 0.701776 0.605871 0.857720 0.097995 0.187777 0.018447 0.449717 0.991899 0.702837 0.363568 0.003609 0.260415 0.968982 0.341662 0.421665 0.926956 0.151812 0.570922 0.949357 0.053236 0.803907 0.207387 0.759221 0.963982 0.386994 0.972075 0.454283 0.122430 0.671150 0.953411 0.766646 0.649600
0.777918 0.488770 0.082188 0.081627 0.694696 0.262148 0.642536 0.244275 0.027851 0.085992 0.375931 0.976667 0.437712 0.069480 0.068916 100.354476 0.574374 0.639552 0.328054 0.751428 0.904027 0.862405 0.420384 0.347793 0.481538 0.474062 0.641102 0.752789 0.673618 0.071476 0.370383 0.926658 0.262068 0.660159 0.232095 0.838408 0.980665 0.722223 0.526654 0.693203 0.103400 0.471908 0.510614 0.671115 0.591335 0.803726 0.208850 0.015094 0.084015 0.628252 0.539361 0.528876 0.632126 0.081997 0.018712 0.686017 0.131427 0.083289 0.494338 0.977636 0.691182 0.636100 0.935058 0.327967 0.750204 0.908142 0.255849 0.564311 0.042600 0.278210 0.646465 0.460937 0.874338 0.757499 0.007120 0.863306 0.978907 0.220753 0.122471 0.017814 0.596635 0.923776 0.656492 0.324280 0.913568 0.303422 0.796985 0.024378 0.123014 0.154089 0.901723 0.929978 0.775908 0.014403 0.569870 0.089288 0.618790 0.083151 0.023298 0.292405
0.026004 0.637446 0.928836 0.284830 0.064622 0.446842 0.110973 0.789285 0.755104 0.721399 0.455980 0.370628 0.067834 0.114730 0.479590 0.302443 100.166809 0.923337 0.305117 0.264553 0.506498 0.004277 0.603079 0.830536 0.162125 0.220665 0.472348 0.104870 0.844173 0.763461 0.168037 0.824322 0.764371 0.556835 0.949718 0.160800 0.619998 0.683591 0.482123 0.471692 0.855317 0.985088 0.996468 0.499694 0.066382 0.462681 0.843170 0.374429 0.014129 0.651295 0.376450 0.343582 0.548014 0.429673 0.459396 0.484739 0.855663 0.094780 0.899628 0.379846 0.633621 0.632139 0.910890 0.783739 0.955302 0.903153 0.439696 0.242397 0.526769 0.486440 0.605810 0.212231 0.104004 0.169525 0.544948 0.457033 0.094737 0.806318 0.995098 0.659131 0.873244 0.186551 0.395914 0.115862 0.230972 0.813774 0.075293 0.267171 0.373119 0.710086 0.467579 0.406046 0.513621 0.351690 0.916372 0.127349 0.560362 0.859530 0.421468 0.117242
0.561101 0.991697 0.960666 0.140289 0.881359 0.268252 0.060189 0.065288 0.118142 0.640669 0.041792 0.448328 0.933728 0.158789 0.622473 0.722507 0.388333 100.569321 0.106229 0.074047 0.959371 0.630321 0.854216 0.091962 0.908756 0.207897 0.907188 0.912842 0.904369 0.332476 0.218754 0.409510 0.086409 0.448860 0.398376 0.960195 0.530682 0.314345 0.774806 0.346562 0.809311 0.842156 0.275141 0.478119 0.185412 0.111298 0.249145 0.966461 0.180128 0.723382 0.670519 0.534952 0.474468 0.743127 0.074149 0.933766 0.289116 0.664551 0.929907 0.356014 0.772868 0.440376 0.061673 0.982210 0.532406 0.743284 0.832107 0.430558 0.920347 0.128437 0.101135 0.765743 0.204578 0.039858 0.670788 0.313764 0.381895 0.709307 0.942623 0.130051 0.946958 0.721527 0.319507 0.785957 0.707405 0.444005 0.432237 0.703427 0.322536 0.143107 0.778790 0.012638 0.869636 0.471931 0.416622 0.368430 0.463262 0.696781 0.399562 0.418998
0.428056 0.417025 0.414783 0.284167 0.558450 0.920685 0.448377 0.089598 0.088293 0.479227 0.763565 0.745219 0.213042 0.673105 0.910225 0.138874 0.170944 0.343636 100.622759 0.735863 0.445317 0.911237 0.019521 0.498375 0.919041 0.320345 0.723440 0.055359 0.499796 0.797259 0.816759 0.781916 0.050991 0.878170 0.358366 0.815885 0.250099 0.411529 0.765003 0.766893 0.825503 0.138237 0.733750 0.308961 0.038425 0.510312 0.849641 0.829949 0.244362 0.652350 0.622389 0.130747 0.617664 0.941237 0.122163 0.474307 0.878298 0.382695 0.841884 0.187078 0.849875 0.904582 0.710783 0.445046 0.306658 0.574700 0.603598 0.887951 0.582051 0.771875 0.827418 0.760089 0.366251 0.329718 0.443154 0.819505 0.133641 0.238257 0.810995 0.359901 0.274683 0.313167 0.298580 0.194280 0.829821 0.346606 0.827961 0.785798 0.099288 0.867786 0.749903 0.075339 0.945152 0.676143 0.289010 0.656726 0.708464 0.116839 0.500926 0.165507
0.546206 0.179822 0.127655 0.603873 0.380829 0.547380 0.585513 0.764846 0.306119 0.939981 0.156258 0.338633 0.157518 0.302475 0.363769 0.236265 0.314982 0.379654 0.684125 100.161946 0.467148 0.991415 0.644399 0.597934 0.980963 0.539372 0.418288 0.320179 0.612192 0.331002 0.168856 0.903395 0.672148 0.463694 0.267074 0.644385 0.352074 0.387535 0.203515 0.506385 0.765834 0.099574 0.684732 0.093920 0.835513 0.294472 0.628528 0.369064 0.074388 0.248740 0.779093 0.584524 0.062250 0.831939 0.273988 0.998535 0.403503 0.153640 0.442574 0.647480 0.698479 0.918932 0.701775 0.056505 0.626871 0.965793 0.134739 0.852100 0.343889 0.635663 0.973941 0.811566 0.776090 0.754548 0.689964 0.449592 0.972625 0.618050 0.895776 0.706787 0.416810 0.711964 0.437407 0.295337 0.066295 0.271361 0.245424 0.437907 0.638558 0.867873 0.946440 0.931243 0.547897 0.461241 0.702938 0.180663 0.471778 0.199447 0.287807 0.626059
0.512132 0.935542 0.960822 0.765717 0.021252 0.318941 0.303750 0.371698 0.555473 0.875774 0.117767 0.196182 0.365887 0.901851 0.501165 0.587960 0.044454 0.269663 0.525940 0.782947 100.758786 0.493043 0.816183 0.529088 0.428071 0.936318 0.768330 0.728488 0.010072 0.539874 0.181373 0.635341 0.546135 0.360089 0.399630 0.259699 0.779978 0.077173 0.105865 0.821876 0.424903 0.693951 0.581270 0.226668 0.812754 0.957937 0.596853 0.116601 0.322574 0.488310 0.421495 0.859993 0.087430 0.933913 0.746593 0.079518 0.818919 0.099079 0.583857 0.765040 0.291804 0.601470 0.788914 0.741291 0.645422 0.599988 0.149268 0.166542 0.811341 0.512214 0.700697 0.990352 0.468662 0.375070 0.787576 0.697761 0.133536 0.647420 0.820028 0.024695 0.554928 0.157878 0.338266 0.055226 0.394926 0.949870 0.326155 0.267681 0.894358 0.275012 0.305331 0.688640 0.624200 0.402224 0.968966 0.958409 0.868782 0.536970 0.932014 0.592815
0.886836 0.272254 0.477979 0.743068 0.109278 0.314776 0.450228 0.517328 0.842501 0.345032 0.355525 0.912941 0.426800 0.019845 0.121514 0.197952 0.888780 0.823544 0.271028 0.672351 0.557836 100.635373 0.902770 0.702046 0.327711 0.957918 0.196852 0.327613 0.741439 0.741736 0.887017 0.056340 0.986946 0.474272 0.745317 0.052748 0.249336 0.740252 0.917106 0.503554 0.043827 0.247527 0.057487 0.172568 0.123233 0.516755 0.419688 0.594563 0.020066 0.657666 0.101478 0.512844 0.644723 0.748468 0.611668 0.889333 0.095155 0.821635 0.422741 0.592668 0.551067 0.179433 0.376009 0.281056 0.647210 0.817868 0.628841 0.649490 0.955264 0.400069 0.369842 0.641238 0.345075 0.507813 0.704339 0.146803 0.570278 0.507602 0.427400 0.990558 0.457825 0.556279 0.739172 0.914574 0.598604 0.875376 0.267157 0.230828 0.351660 0.466524 0.671228 0.487311 0.408428 0.821982 0.894575 0.590623 0.215716 0.027580 0.537287 0.580463
0.904092 0.686327 0.179312 0.426640 0.342175 0.185009 0.438735 0.227744 0.854393 0.380893 0.315565 0.885074 0.773572 0.330006 0.265361 0.711306 0.154185 0.294806 0.137172 0.104070 0.458425 0.749206 100.929471 0.883213 0.154679 0.026958 0.836086 0.611353 0.468563 0.303858 0.869124 0.246725 0.180194 0.498871 0.790263 0.105464 0.449148 0.536577 0.537310 0.248030 0.480388 0.012421 0.641116 0.970850 0.519546 0.297645 0.264445 0.507836 0.173884 0.809955 0.407815 0.611787 0.119429 0.871976 0.705183 0.465282 0.583246 0.876666 0.067250 0.490926 0.051708 0.846857 0.657562 0.618964 0.590279 0.110024 0.368289 0.905717 0.155257 0.298129 0.004662 0.779112 0.777062 0.074827 0.597023 0.245778 0.933442 0.222487 0.227833 0.587416 0.983357 0.878657 0.674310 0.991940 0.785307 0.943045 0.328588 0.771961 0.553382 0.459898 0.677622 0.266047 0.767343 0.909738 0.133881 0.263318 0.412305 0.627546 0.234701 0.088184
0.899057 0.280632 0.648885 0.032083 0.736094 0.246161 0.474663 0.543284 0.439415 0.566286 0.337369 0.477149 0.946048 0.271545 0.541231 0.913292 0.566122 0.320487 0.314426 0.276673 0.668050 0.061952 0.830481 100.236959 0.072698 0.560278 0.665550 0.299857 0.638474 0.782051 0.402052 0.299279 0.372911 0.141130 0.491714 0.838762 0.702460 0.918671 0.388590 0.141773 0.861860 0.456593 0.817138 0.662225 0.940028 0.033941 0.841028 0.125622 0.630294 0.933533 0.832722 0.889450 0.316850 0.442870 0.787967 0.584923 0.836035 0.243008 0.507495 0.503366 0.923855 0.035165 0.808813 0.436818 0.607553 0.032908 0.394972 0.110564 0.662099 0.245327 0.511423 0.801742 0.209908 0.597760 0.368486 0.503877 0.285238 0.966435 0.519937 0.365045 0.589139 0.347697 0.620935 0.849458 0.638792 0.362641 0.022688 0.257476 0.253172 0.661079 0.750677 0.659358 0.252140 0.638929 0.503658 0.836810 0.482193 0.215441 0.981866 0.195178
0.769845 0.718246 0.142176 0.916481 0.672698 0.114495 0.182998 0.386246 0.816118 0.646951 0.839442 0.074434 0.048189 0.090551 0.597118 0.455986 0.855538 0.869169 0.672466 0.168284 0.949657 0.221771 0.806465 0.706662 100.105575 0.601404 0.539301 0.008211 0.544177 0.169319 0.851510 0.215260 0.069701 0.442870 0.112721 0.021927 0.563373 0.361001 0.965843 0.375313 0.985372 0.353285 0.937429 0.728021 0.089620 0.739399 0.256907 0.443403 0.507191 0.294924 0.557183 0.542821 0.074394 0.989076 0.524412 0.599183 0.704666 0.843476 0.047004 0.112902 0.934305 0.578490 0.078681 0.208967 0.281955 0.080090 0.816549 0.668759 0.571436 0.191991 0.949519 0.612850 0.941784 0.786257 0.246759 0.682733 0.660744 0.428350 0.751289 0.866322 0.855527 0.383447 0.817067 0.303096 0.147399 0.368446 0.845535 0.869959 0.401631 0.269696 0.166999 0.753407 0.283308 0.335736 0.592092 0.645297 0.055426 0.755556 0.620148 0.466209
0.514602 0.620076 0.187895 0.702159 0.521492 0.982745 0.838781 0.560376 0.866111 0.083994 0.819219 0.488783 0.812534 0.615114 0.489873 0.302055 0.331707 0.291354 0.679658 0.795775 0.094772 0.703244 0.111935 0.251854 0.076976 100.665760 0.921445 0.559308 0.725287 0.887540 0.209693 0.398571 0.669296 0.447771 0.966950 0.116461 0.642387 0.825490 0.422127 0.331454 0.007759 0.907629 0.027911 0.158720 0.837243 0.418456 0.854098 0.403483 0.861221 0.455089 0.012190 0.348200 0.151205 0.617668 0.201764 0.951690 0.416166 0.019085 0.247102 0.020591 0.355093 0.645617 0.847753 0.720345 0.502417 0.650019 0.677519 0.633067 0.206574 0.115427 0.359418 0.671195 0.185604 0.961646 0.226389 0.688466 0.079244 0.865574 0.422167 0.672346 0.896996 0.325075 0.400997 0.381772 0.085313 0.156802 0.011619 0.153982 0.076223 0.525479 0.247953 0.047591 0.773949 0.965087 0.696181 0.318070 0.710814 0.106191 0.822577 0.938967
0.990829 0.511690 0.835569 0.078160 0.908345 0.121854 0.602966 0.208493 0.154759 0.611369 0.319715 0.085428 0.708169 0.621825 0.936191 0.770264 0.456393 0.384097 0.028964 0.406096 0.577648 0.905308 0.303521 0.823346 0.656160 0.446548 100.863293 0.837322 0.472394 0.435395 0.715038 0.233864 0.899575 0.543223 0.146274 0.205091 0.150555 0.302663 0.490719 0.658102 0.124453 0.642147 0.562849 0.865474 0.802199 0.895807 0.631440 0.033490 0.355953 0.533666 0.416072 0.074649 0.161523 0.350000 0.852872 0.554286 0.100547 0.776616 0.182726 0.793971 0.485039 0.793850 0.273741 0.282148 0.342455 0.174778 0.986102 0.247208 0.690797 0.602974 0.065626 0.286333 0.151047 0.314781 0.823352 0.139533 0.584987 0.026010 0.434070 0.799689 0.360690 0.578035 0.103597 0.230242 0.916766 0.776695 0.584227 0.091403 0.863359 0.344779 0.507006 0.438460 0.185304 0.602268 0.247696 0.505326 0.222679 0.048980 0.578156 0.751622
0.129510 0.139950 0.454482 0.857557 0.843488 0.968765 0.400362 0.990608 0.643502 0.365982 0.519725 0.659468 0.254988 0.003616 0.324506 0.836393 0.272790 0.489074 0.100848 0.498698 0.084315 0.776955 0.826540 0.820140 0.564981 0.866511 0.372063 100.540632 0.375536 0.348527 0.227980 0.018152 0.376011 0.420090 0.554423 0.131125 0.898517 0.883674 0.837913 0.673858 0.091023 0.656376 0.569774 0.319374 0.550342 0.234937 0.825931 0.376378 0.497661 0.283994 0.652598 0.797136 0.782157 0.699286 0.272814 0.525485 0.750541 0.857912 0.307564 0.939372 0.171471 0.487052 0.915476 0.490265 0.654499 0.329119 0.870111 0.373539 0.621876 0.800457 0.504363 0.761567 0.079420 0.329046 0.850380 0.238401 0.669528 0.594287 0.161938 0.094402 0.901120 0.542088 0.632885 0.100185 0.165577 0.084570 0.964487 0.730822 0.707197 0.844538 0.537420 0.676151 0.640038 0.093413 0.603927 0.839428 0.455899 0.422679 0.281405 0.195199
0.469628 0.838696 0.759500 0.344911 0.615715 0.481130 0.356522 0.403837 0.825382 0.161925 0.287875 0.010155 0.268649 0.717490 0.476075 0.003826 0.819345 0.376795 0.664277 0.262163 0.743494 0.816869 0.280976 0.953298 0.467992 0.604869 0.094966 0.673371 100.265821 0.518051 0.556739 0.581042 0.927314 0.179004 0.926082 0.118255 0.071268 0.417507 0.310420 0.016945 0.159321 0.122939 0.713130 0.877683 0.239526 0.270348 0.649938 0.747192 0.670344 0.279452 0.616668 0.576396 0.635608 0.420522 0.544383 0.750548 0.437802 0.522195 0.012767 0.504730 0.960941 0.709883 0.081980 0.634649 0.836085 0.131835 0.999024 0.309995 0.793807 0.950556 0.303820 0.720761 0.533352 0.986523 0.620449 0.791422 0.560856 0.374975 0.846603 0.639180 0.981158 0.747857 0.433957 0.605720 0.578960 0.062565 0.916511 0.781899 0.526546 0.708820 0.229989 0.698189 0.056554 0.323317 0.436077 0.712795 0.546832 0.381064 0.975345 0.404684
0.132048 0.420900 0.417066 0.799975 0.053458 0.852252 0.140537 0.719100 0.781994 0.132764 0.985326 0.836554 0.573298 0.974268 0.228453 0.469338 0.141160 0.885059 0.494164 0.315421 0.859215 0.676746 0.121609 0.047731 0.145845 0.689858 0.773975 0.457008 0.832214 100.972649 0.786637 0.573563 0.972316 0.517413 0.714661 0.426075 0.939072 0.019594 0.315192 0.721176 0.947869 0.186239 0.270461 0.927043 0.641160 0.932382 0.927232 0.035846 0.087428 0.148479 0.339627 0.525373 0.899167 0.242811 0.469384 0.489626 0.769450 0.220823 0.489575 0.767970 0.063634 0.836145 0.533513 0.284061 0.795733 0.294807 0.923191 0.349841 0.695276 0.535885 0.588138 0.458228 0.603793 0.771442 0.316538 0.748144 0.878805 0.629314 0.906621 0.238260 0.416126 0.817669 0.421867 0.932130 0.641990 0.584987 0.280468 0.149683 0.568301 0.820634 0.166678 0.300306 0.475768 0.517256 0.657471 0.725802 0.759572 0.329487 0.022426 0.736961
0.779002 0.806001 0.348314 0.018474 0.111392 0.470502 0.293166 0.540553 0.405044 0.873875 0.021420 0.836286 0.186581 0.961987 0.562745 0.219126 0.402172 0.030492 0.979858 0.764743 0.452964 0.877729 0.018923 0.453471 0.160791 0.467037 0.342402 0.321232 0.953100 0.277311 100.381947 0.063697 0.391834 0.414653 0.888701 0.728926 0.176758 0.129624 0.836036 0.473897 0.911528 0.622006 0.746371 0.565189 0.264376 0.414735 0.192572 0.729748 0.236371 0.113720 0.567044 0.871364 0.164789 0.562866 0.959104 0.015716 0.840474 0.967167 0.245775 0.622581 0.433366 0.855135 0.694909 0.164383 0.853271 0.435080 0.463623 0.120712 0.211204 0.384940 0.628291 0.178681 0.269845 0.835533 0.563833 0.202386 0.703573 0.828840 0.473455 0.078673 0.391069 0.848963 0.584693 0.991979 0.288908 0.349971 0.318078 0.937674 0.077012 0.098635 0.993468 0.259299 0.821859 0.160031 0.763681 0.265082 0.853706 0.640375 0.207738 0.357372
0.617480 0.309867 0.528479 0.648057 0.117690 0.950401 0.383973 0.478777 0.242160 0.378170 0.622338 0.734335 0.782101 0.858680 0.220877 0.379142 0.378193 0.859619 0.877528 0.929535 0.511743 0.629343 0.447392 0.391329 0.194349 0.415278 0.411922 0.589579 0.581214 0.996256 0.151229 100.462657 0.500767 0.655549 0.713628 0.257484 0.642490 0.811196 0.339561 0.726431 0.047002 0.341603 0.759568 0.141321 0.698311 0.432208 0.864291 0.987585 0.642959 0.705157 0.822350 0.834151 0.827830 0.451947 0.143631 0.613499 0.269329 0.542423 0.842763 0.639270 0.188767 0.539495 0.155346 0.048178 0.571269 0.190677 0.484872 0.945544 0.936864 0.285816 0.730160 0.963119 0.014047 0.482247 0.569808 0.822625 0.212573 0.430941 0.472650 0.227177 0.936577 0.324722 0.731737 0.179738 0.544867 0.229486 0.657063 0.535033 0.413644 0.223790 0.899700 0.332884 0.825840 0.141720 0.290401 0.370593 0.274623 0.950247 0.178424 0.727995
0.616848 0.174404 0.330670 0.881459 0.180380 0.481981 0.546053 0.020350 0.491503 0.800558 0.516148 0.210232 0.150493 0.905706 0.519808 0.805704 0.349873 0.167756 0.042001 0.550227 0.836588 0.936271 0.255933 0.296346 0.104119 0.543531 0.302736 0.689898 0.829276 0.622640 0.508926 0.369963 100.385455 0.511618 0.718594 0.145231 0.231281 0.463944 0.106943 0.548701 0.114883 0.328105 0.980189 0.167695 0.741840 0.080314 0.432049 0.638897 0.692566 0.875911 0.157941 0.182490 0.283731 0.934298 0.427010 0.331161 0.800874 0.319707 0.566691 0.102701 0.921578 0.347358 0.429913 0.679620 0.313751 0.385776 0.733322 0.947269 0.068323 0.750735 0.504217 0.490682 0.455422 0.093965 0.921839 0.852848 0.447793 0.014257 0.127959 0.348296 0.410680 0.337852 0.827299 0.015050 0.796936 0.490417 0.151782 0.155481 0.031724 0.602227 0.710272 0.294755 0.011601 0.534942 0.665136 0.631990 0.775060 0.440808 0.970861 0.637642
0.727978 0.010820 0.692512 0.209857 0.167857 0.790904 0.701166 0.972163 0.078368 0.409979 0.155875 0.103384 0.131985 0.735198 0.233990 0.078358 0.373762 0.974803 0.753094 0.163695 0.484862 0.731721 0.420130 0.873925 0.166068 0.092669 0.677140 0.444578 0.201634 0.132177 0.182681 0.444997 0.786425 100.434905 0.478577 0.514187 0.095699 0.634894 0.151115 0.031002 0.117754 0.937985 0.446583 0.596901 0.078582 0.719645 0.517732 0.296768 0.625353 0.211054 0.667338 0.074656 0.004672 0.184652 0.260967 0.692183 0.645210 0.492700 0.982869 0.858827 0.978433 0.061748 0.486989 0.801272 0.317496 0.194470 0.957235 0.264604 0.000167 0.915269 0.667546 0.282364 0.601568 0.898957 0.613583 0.872737 0.092138 0.540864 0.898990 0.996554 0.261051 0.446914 0.244138 0.338616 0.159751 0.435980 0.512076 0.282998 0.306641 0.836096 0.768616 0.077435 0.489984 0.323203 0.185445 0.741641 0.792157 0.730138 0.447707 0.338933
0.680477 0.754616 0.544460 0.556869 0.138797 0.593710 0.754206 0.445925 0.870551 0.375276 0.252598 0.625817 0.546849 0.120498 0.840582 0.911446 0.286220 0.940873 0.804707 0.933343 0.705830 0.763710 0.054742 0.502364 0.122556 0.562077 0.566901 0.121111 0.515297 0.022553 0.676871 0.520422 0.961168 0.657796 100.964176 0.294398 0.357525 0.377691 0.653154 0.076375 0.170335 0.019136 0.529295 0.422446 0.367947 0.268540 0.299028 0.405050 0.088625 0.605332 0.940395 0.556290 0.539704 0.637164 0.544677 0.846698 0.939092 0.404582 0.504573 0.153493 0.596596 0.799518 0.551119 0.913113 0.994523 0.823465 0.188902 0.610674 0.570166 0.015759 0.490230 0.534981 0.754086 0.878486 0.159127 0.377358 0.345617 0.290603 0.389184 0.419405 0.239283 0.232406 0.361216 0.310382 0.940106 0.593556 0.890677 0.132801 0.162412 0.659510 0.702880 0.561241 0.411786 0.189525 0.851769 0.142414 0.973989 0.275300 0.105951 0.130838
0.918972 0.635970 0.018866 0.726196 0.307716 0.235519 0.744180 0.149841 0.905104 0.622169 0.435676 0.931883 0.371496 0.905394 0.130654 0.303605 0.858616 0.517216 0.943661 0.984434 0.908369 0.288064 0.041706 0.338261 0.521625 0.635904 0.649789 0.320894 0.751044 0.362951 0.847578 0.805499 0.549463 0.190558 0.110188 100.168778 0.230469 0.311585 0.899186 0.200630 0.703575 0.225042 0.461941 0.364980 0.218312 0.659591 0.377886 0.217170 0.074152 0.626447 0.085758 0.367272 0.643279 0.673665 0.395248 0.042820 0.412157 0.705108 0.751723 0.720916 0.548307 0.258568 0.938854 0.213254 0.861015 0.019662 0.228076 0.180984 0.924681 0.706291 0.100681 0.018333 0.623628 0.021016 0.709587 0.776479 0.060639 0.421512 0.401926 0.292703 0.364733 0.965815 0.533345 0.972624 0.745607 0.089110 0.393718 0.374454 0.664654 0.837073 0.493210 0.101614 0.131865 0.109374 0.821430 0.903378 0.209461 0.253847 0.969024 0.983318
0.115304 0.921127 0.587568 0.464962 0.010449 0.053903 0.175939 0.193463 0.809462 0.619550 0.742345 0.485934 0.926699 0.523512 0.327803 0.031792 0.764891 0.999591 0.200757 0.739322 0.620138 0.876581 0.896250 0.548907 0.156237 0.628411 0.424590 0.225999 0.058327 0.401748 0.464320 0.998206 0.303911 0.235539 0.111670 0.907789 100.410895 0.203854 0.572406 0.235428 0.667333 0.411102 0.171859 0.734334 0.776385 0.036223 0.564085 0.993087 0.843627 0.429847 0.116239 0.794109 0.698197 0.084898 0.962216 0.513997 0.584889 0.505028 0.537523 0.185182 0.030429 0.946647 0.865835 0.812561 0.382202 0.874956 0.808081 0.243927 0.751353 0.482689 0.401059 0.213703 0.981145 0.680329 0.139510 0.842464 0.859160 0.977829 0.054761 0.308307 0.099908 0.048672 0.807344 0.321776 0.555298 0.971212 0.898848 0.910480 0.339978 0.186058 0.845917 0.378200 0.692858 0.535025 0.844352 0.077002 0.223950 0.719526 0.707350 0.175967
0.797692 0.878871 0.040755 0.125829 0.050030 0.099111 0.226246 0.067673 0.756892 0.646697 0.050338 0.967782 0.813466 0.444190 0.792052 0.520602 0.964726 0.337069 0.238356 0.823066 0.910864 0.860800 0.024827 0.257865 0.894035 0.932916 0.520140 0.448535 0.134084 0.390665 0.169907 0.199774 0.731432 0.763575 0.212577 0.466177 0.562938 100.955201 0.355390 0.005289 0.579251 0.638249 0.962339 0.020805 0.803358 0.463065 0.468392 0.021071 0.190356 0.545787 0.711369 0.370054 0.193212 0.322504 0.024392 0.394101 0.978991 0.684767 0.153874 0.432915 0.988257 0.852001 0.874134 0.729136 0.343205 0.862390 0.016762 0.874863 0.451619 0.510909 0.264768 0.983442 0.325566 0.802349 0.204073 0.329586 0.304101 0.228793 0.654781 0.943035 0.750516 0.814571 0.187804 0.399023 0.367951 0.845094 0.174451 0.538550 0.190542 0.812559 0.536063 0.451776 0.146981 0.983218 0.318840 0.313105 0.725098 0.318721 0.573717 0.222628
0.717125 0.938846 0.698033 0.706561 0.043155 0.430251 0.436410 0.516645 0.329619 0.557016 0.002525 0.133928 0.457316 0.692813 0.140797 0.008582 0.962785 0.602121 0.235906 0.561897 0.770432 0.792091 0.475784 0.954895 0.954720 0.476397 0.783767 0.515235 0.606218 0.799126 0.764760 0.728165 0.798076 0.633758 0.189739 0.941759 0.229529 0.963658 100.264540 0.060452 0.289151 0.587055 0.276221 0.700439 0.106424 0.316131 0.964832 0.258637 0.463964 0.483526 0.723597 0.444099 0.600331 0.994601 0.377451 0.254530 0.057341 0.653456 0.783955 0.682473 0.339074 0.843330 0.334310 0.059831 0.595975 0.887067 0.860114 0.769036 0.459964 0.149792 0.924807 0.956839 0.889300 0.885229 0.507715 0.653134 0.840967 0.427539 0.290251 0.512650 0.013074 0.493284 0.285375 0.536559 0.532689 0.419670 0.775609 0.545402 0.259912 0.312546 0.529186 0.862008 0.082107 0.599014 0.691817 0.896028 0.009877 0.602083 0.015563 0.670353
0.450595 0.883499 0.707047 0.956348 0.819505 0.773228 0.895452 0.470953 0.278598 0.868534 0.326337 0.852086 0.940272 0.617034 0.124506 0.749415 0.846411 0.495947 0.850968 0.565396 0.220740 0.327847 0.147695 0.232150 0.076332 0.912391 0.183353 0.688956 0.684652 0.363656 0.383422 0.846780 0.531250 0.990109 0.526733 0.978039 0.631204 0.286089 0.455654 100.031911 0.835109 0.875837 0.235511 0.490094 0.239265 0.866503 0.479694 0.120603 0.637330 0.967350 0.247304 0.146620 0.037307 0.548385 0.647965 0.255785 0.921134 0.031065 0.242989 0.089032 0.637377 0.713360 0.350802 0.259068 0.953413 0.926981 0.969946 0.310979 0.441355 0.347235 0.726099 0.899104 0.690363 0.516381 0.407002 0.861970 0.223763 0.268048 0.054348 0.392584 0.340243 0.164843 0.957122 0.300356 0.767907 0.132294 0.165038 0.852923 0.047389 0.355375 0.009680 0.388659 0.730793 0.694811 0.619599 0.898802 0.062025 0.208735 0.085865 0.421086
0.915137 0.159634 0.851918 0.473030 0.187127 0.952183 0.324766 0.696145 0.438761 0.874231 0.467501 0.214862 0.734281 0.749644 0.110198 0.049434 0.688546 0.855688 0.289677 0.907648 0.394407 0.798318 0.934469 0.961620 0.707966 0.820190 0.865219 0.420666 0.444287 0.216775 0.906458 0.240248 0.600019 0.771673 0.491400 0.157675 0.881095 0.830128 0.542599 0.990828 100.980940 0.660461 0.443897 0.227854 0.519442 0.446768 0.981821 0.022737 0.805820 0.194280 0.502703 0.787882 0.134402 0.787067 0.294759 0.492860 0.877308 0.529684 0.503365 0.563374 0.777003 0.294249 0.597398 0.357207 0.398810 0.527196 0.578601 0.502885 0.495076 0.792054 0.006615 0.618468 0.541893 0.653847 0.228665 0.634845 0.055154 0.200301 0.133735 0.953297 0.782460 0.773601 0.160813 0.855651 0.600470 0.435039 0.996245 0.619819 0.891844 0.064529 0.077230 0.263274 0.521838 0.402174 0.577102 0.214928 0.871386 0.692902 0.795360 0.688044
0.535804 0.393243 0.339568 0.297025 0.629173 0.457349 0.113007 0.214973 0.019440 0.040883 0.639022 0.757747 0.056514 0.802829 0.478903 0.919622 0.119161 0.278149 0.035152 0.622711 0.654487 0.671433 0.827448 0.312022 0.032158 0.093829 0.243815 0.812847 0.829067 0.850142 0.054550 0.512087 0.040126 0.721028 0.291037 0.741425 0.907384 0.391024 0.573204 0.325123 0.205143 100.201167 0.903763 0.580779 0.953656 0.131908 0.151256 0.430720 0.676294 0.307731 0.697117 0.775883 0.426111 0.492135 0.021924 0.020306 0.180734 0.562626 0.020107 0.535567 0.955261 0.615526 0.650395 0.805970 0.016003 0.273393 0.024739 0.042139 0.244400 0.538477 0.142484 0.653088 0.909331 0.485500 0.622068 0.984922 0.024187 0.787054 0.014394 0.961973 0.243021 0.708023 0.521596 0.802258 0.393467 0.442664 0.182338 0.633837 0.978058 0.415366 0.700349 0.638901 0.803565 0.946557 0.819990 0.663741 0.244323 0.356760 0.202759 0.440305
0.767229 0.773752 0.599670 0.970450 0.166369 0.428947 0.951428 0.892625 0.685543 0.126715 0.300784 0.212933 0.133714 0.188788 0.631934 0.795303 0.049613 0.784420 0.305162 0.674004 0.835307 0.479627 0.502023 0.031353 0.152814 0.656217 0.204623 0.763123 0.352913 0.933689 0.671082 0.400332 0.697814 0.159684 0.964981 0.568071 0.437249 0.356424 0.284013 0.630035 0.211985 0.294981 100.154944 0.810494 0.687375 0.955212 0.860329 0.506911 0.771907 0.454941 0.826170 0.862962 0.573468 0.966728 0.324521 0.180332 0.837561 0.661750 0.773955 0.494839 0.306265 0.301358 0.259571 0.422017 0.177294 0.278523 0.100915 0.345967 0.749383 0.384447 0.445211 0.697621 0.931466 0.033547 0.780556 0.649115 0.971737 0.474033 0.563495 0.273494 0.021178 0.193372 0.771048 0.766895 0.299567 0.476282 0.647343 0.089181 0.244441 0.764501 0.368800 0.025257 0.963503 0.306095 0.803552 0.987418 0.575326 0.094665 0.706201 0.994437
0.496193 0.154234 0.715392 0.804174 0.108808 0.429732 0.948267 0.426925 0.990279 0.125575 0.063107 0.850927 0.166612 0.950029 0.387698 0.583264 0.847551 0.680950 0.121574 0.232402 0.985644 0.369476 0.711210 0.958725 0.975176 0.965535 0.259690 0.935581 0.048637 0.465248 0.647844 0.758733 0.580628 0.306314 0.390446 0.216553 0.391358 0.060165 0.833774 0.154117 0.694231 0.171550 0.417975 100.849372 0.957983 0.310333 0.065745 0.962665 0.597907 0.248657 0.569482 0.848754 0.147050 0.167914 0.154013 0.092420 0.218078 0.535237 0.296811 0.601669 0.794103 0.979502 0.710818 0.490750 0.711973 0.794764 0.271410 0.790365 0.066017 0.416264 0.004974 0.282882 0.679023 0.430922 0.020894 0.340892 0.142452 0.833275 0.232972 0.852222 0.229125 0.668758 0.081669 0.497811 0.315003 0.772558 0.289195 0.332721 0.582239 0.047296 0.004618 0.071435 0.795625 0.563726 0.189620 0.932921 0.849527 0.346124 0.009535 0.197062
0.565472 0.492216 0.973390 0.304706 0.801575 0.176787 0.260593 0.607907 0.863593 0.408414 0.608019 0.003062 0.935616 0.395426 0.092731 0.851999 0.264919 0.540977 0.185509 0.582863 0.862994 0.106376 0.073461 0.886822 0.017888 0.933177 0.160440 0.820455 0.078668 0.875672 0.148780 0.305424 0.077016 0.074509 0.666608 0.762103 0.154898 0.563127 0.638720 0.411478 0.024259 0.455861 0.917372 0.499332 100.330487 0.274400 0.870113 0.248835 0.433075 0.068376 0.883173 0.659858 0.586735 0.583170 0.304537 0.208023 0.359273 0.731700 0.112743 0.100126 0.312257 0.942076 0.277463 0.309664 0.297613 0.737627 0.021860 0.421344 0.079031 0.269980 0.229815 0.540140 0.436083 0.577129 0.605693 0.293111 0.828337 0.688511 0.206797 0.740031 0.354784 0.030706 0.763302 0.772175 0.355538 0.482316 0.182284 0.580507 0.541353 0.894372 0.297976 0.702701 0.817166 0.977149 0.485540 0.954953 0.280609 0.517522 0.138902 0.762820
0.692206 0.146420 0.308465 0.215330 0.027830 0.319489 0.564001 0.590538 0.575634 0.689560 0.720845 0.860144 0.295931 0.735486 0.212745 0.474461 0.432667 0.867052 0.638876 0.887705 0.462111 0.727515 0.712131 0.506727 0.853271 0.173996 0.327039 0.612047 0.712186 0.320673 0.298931 0.916475 0.402269 0.288909 0.145443 0.038890 0.682864 0.483721 0.563361 0.492379 0.195392 0.006964 0.512546 0.950643 0.554650 100.183307 0.678868 0.504142 0.698712 0.541956 0.363913 0.818454 0.470070 0.690514 0.631731 0.106754 0.188500 0.273848 0.314565 0.287801 0.313764 0.257400 0.784762 0.075140 0.209523 0.386854 0.249295 0.161416 0.124137 0.623880 0.005545 0.913377 0.648770 0.025904 0.637376 0.861714 0.785273 0.276840 0.153150 0.919563 0.503927 0.785343 0.568956 0.616033 0.813681 0.905912 0.480157 0.703762 0.047285 0.961100 0.503325 0.331812 0.062383 0.592816 0.616404 0.081368 0.599919 0.849812 0.023216 0.371726
0.479352 0.897271 0.928944 0.985503 0.365179 0.060367 0.051828 0.429310 0.123573 0.584924 0.085057 0.100551 0.683563 0.976780 0.970457 0.492293 0.665221 0.124935 0.905655 0.729132 0.364126 0.708238 0.579914 0.473725 0.329871 0.501358 0.585967 0.820170 0.254025 0.989722 0.533530 0.340648 0.920605 0.072992 0.527634 0.267554 0.812585 0.081959 0.512350 0.068464 0.834867 0.347858 0.727125 0.472130 0.553967 0.819777 100.336622 0.498011 0.155956 0.486224 0.085375 0.939485 0.772554 0.782388 0.612357 0.444565 0.883874 0.678688 0.636593 0.460000 0.220907 0.189259 0.941628 0.653301 0.274789 0.449009 0.143978 0.649189 0.457177 0.167681 0.813714 0.579451 0.606418 0.934517 0.657207 0.699522 0.918718 0.456007 0.321412 0.367964 0.691518 0.565156 0.685538 0.079600 0.949396 0.857372 0.478572 0.517459 0.012353 0.661411 0.865812 0.023919 0.044771 0.302896 0.698356 0.834949 0.317494 0.226594 0.722142 0.330549
0.762395 0.971674 0.544417 0.577869 0.004949 0.159646 0.204695 0.072313 0.482406 0.718703 0.518151 0.247367 0.989186 0.103168 0.083004 0.437571 0.284974 0.109490 0.717607 0.641373 0.996914 0.091070 0.103788 0.607549 0.932498 0.550065 0.227409 0.615562 0.533513 0.220015 0.480251 0.997786 0.767822 0.310692 0.054455 0.327524 0.568104 0.515828 0.033223 0.011071 0.245733 0.789790 0.960608 0.841895 0.925494 0.653375 0.500089 100.198484 0.249883 0.231055 0.919559 0.068309 0.538718 0.816736 0.455325 0.121132 0.437658 0.778721 0.382264 0.963059 0.647413 0.368734 0.469181 0.663738 0.056832 0.716480 0.511570 0.417168 0.268933 0.128474 0.963954 0.697631 0.291128 0.059908 0.112111 0.889865 0.961263 0.665560 0.153358 0.397247 0.559385 0.212385 0.037564 0.355705 0.199592 0.373747 0.698161 0.904678 0.357894 0.290151 0.139463 0.523434 0.698282 0.004187 0.178907 0.012315 0.549327 0.803135 0.015981 0.090656
0.787927 0.669770 0.854677 0.471098 0.877052 0.449560 0.202010 0.285306 0.984808 0.987830 0.319294 0.228217 0.848701 0.071459 0.738395 0.649556 0.610493 0.129683 0.472087 0.624567 0.830618 0.068433 0.895741 0.844483 0.810753 0.539097 0.758435 0.045129 0.796228 0.131498 0.354847 0.615850 0.108902 0.971812 0.081763 0.059327 0.514695 0.018423 0.425119 0.001638 0.762463 0.399336 0.532477 0.970745 0.016423 0.547999 0.742302 0.069621 100.091703 0.813541 0.173570 0.513531 0.250198 0.260175 0.198282 0.471701 0.462205 0.009652 0.294941 0.251022 0.752983 0.597401 0.904356 0.990799 0.487357 0.124060 0.708725 0.421769 0.829191 0.216605 0.534562 0.418343 0.960147 0.166456 0.082601 0.275564 0.447259 0.164248 0.293689 0.290858 0.762231 0.821740 0.907889 0.748819 0.902395 0.601760 0.849666 0.682550 0.139615 0.066033 0.142480 0.531632 0.775043 0.589554 0.476879 0.683609 0.861038 0.921714 0.473916 0.279749
0.802363 0.609797 0.092539 0.473513 0.647974 0.798591 0.936884 0.326808 0.518347 0.960707 0.659644 0.181760 0.935917 0.976657 0.792163 0.468786 0.991039 0.221407 0.288529 0.186947 0.028747 0.396300 0.999503 0.703461 0.922769 0.523895 0.973796 0.469670 0.627370 0.049827 0.641022 0.316771 0.351299 0.763701 0.262280 0.361548 0.188711 0.912678 0.692534 0.634855 0.659514 0.848718 0.023278 0.584787 0.377818 0.658530 0.076880 0.452454 0.510846 100.776095 0.803200 0.520742 0.551420 0.783319 0.114675 0.160525 0.770678 0.839305 0.430950 0.655525 0.318167 0.952808 0.541785 0.370206 0.176273 0.055971 0.217770 0.174607 0.960847 0.709082 0.800413 0.200501 0.645492 0.567977 0.118003 0.551478 0.291781 0.747817 0.246771 0.998342 0.307703 0.509170 0.338641 0.707144 0.269573 0.273927 0.992789 0.735271 0.668534 0.400618 0.056202 0.606650 0.446553 0.900248 0.933262 0.505916 0.268315 0.683529 0.912775 0.793289
0.827333 0.724162 0.898032 0.988680 0.253516 0.698366 0.574722 0.011944 0.765061 0.607269 0.572559 0.211256 0.943353 0.851094 0.855598 0.808004 0.465611 0.367613 0.713872 0.414365 0.597305 0.414658 0.058261 0.872235 0.319179 0.900393 0.434158 0.340511 0.211877 0.726310 0.670759 0.494062 0.437598 0.141451 0.206489 0.877890 0.121829 0.751921 0.250764 0.696172 0.478772 0.630883 0.146178 0.972829 0.256320 0.582154 0.081551 0.173738 0.227264 0.300982 100.726361 0.542035 0.642649 0.813798 0.156159 0.085623 0.615659 0.203120 0.423845 0.630593 0.790668 0.368673 0.043635 0.387228 0.743953 0.650872 0.911311 0.865289 0.776246 0.727464 0.963068 0.454678 0.253786 0.666419 0.165431 0.584372 0.872824 0.205908 0.804604 0.244612 0.458042 0.425575 0.219449 0.358896 0.820478 0.407449 0.321997 0.369602 0.314032 0.228908 0.727046 0.895857 0.821724 0.340206 0.377501 0.641498 0.516891 0.335008 0.550139 0.359177
0.249055 0.190231 0.944777 0.144803 0.302360 0.860548 0.484179 0.213101 0.124778 0.680006 0.729452 0.964537 0.635801 0.637584 0.626378 0.866391 0.338842 0.791415 0.858993 0.557096 0.229914 0.778202 0.591111 0.852412 0.734944 0.594651 0.110624 0.486503 0.269097 0.443140 0.034020 0.590432 0.422511 0.937152 0.158454 0.722766 0.412914 0.073980 0.814955 0.102293 0.226208 0.104870 0.988718 0.950951 0.482766 0.157735 0.041966 0.009248 0.673117 0.595471 0.438462 100.530704 0.039065 0.580377 0.522316 0.393696 0.796927 0.209580 0.600600 0.830629 0.502818 0.330712 0.230450 0.970932 0.725713 0.435998 0.406760 0.544323 0.070059 0.891192 0.574991 0.715435 0.056617 0.250590 0.986461 0.622101 0.822141 0.370173 0.274432 0.909565 0.382627 0.817118 0.437736 0.173717 0.355972 0.033033 0.634265 0.031498 0.912209 0.448660 0.948948 0.510234 0.617662 0.024400 0.213196 0.465375 0.567049 0.633816 0.115784 0.755846
0.530836 0.162118 0.961449 0.018564 0.082041 0.512156 0.908636 0.552358 0.267599 0.353844 0.604078 0.497813 0.619783 0.223380 0.404921 0.568138 0.798128 0.066764 0.951139 0.908401 0.949004 0.418212 0.262331 0.853849 0.255206 0.575239 0.288779 0.160491 0.362444 0.742128 0.207417 0.476457 0.155840 0.319356 0.994109 0.979754 0.149193 0.177058 0.154956 0.380373 0.722378 0.084149 0.081916 0.102216 0.082305 0.898012 0.968208 0.659335 0.488363 0.491906 0.199181 0.230711 100.504763 0.957449 0.669283 0.510357 0.403578 0.838103 0.199411 0.242487 0.444587 0.066344 0.393324 0.856887 0.983135 0.422149 0.366568 0.508920 0.570960 0.821307 0.634338 0.237751 0.313372 0.825720 0.463654 0.268427 0.270988 0.989191 0.917743 0.454051 0.731379 0.794278 0.633648 0.816773 0.604332 0.113629 0.500965 0.313927 0.964986 0.463876 0.341676 0.195644 0.415968 0.087867 0.088266 0.272326 0.550828 0.500261 0.608465 0.524016
0.706429 0.552002 0.680669 0.533781 0.604617 0.259079 0.800703 0.455877 0.690008 0.245916 0.255837 0.519110 0.205148 0.482828 0.442973 0.604832 0.795212 0.295011 0.343787 0.179247 0.850368 0.404094 0.356685 0.427818 0.574514 0.962048 0.303546 0.020474 0.639397 0.992944 0.664203 0.938597 0.275122 0.870989 0.043488 0.278808 0.140771 0.936888 0.515438 0.350463 0.215613 0.411562 0.415858 0.541269 0.179032 0.960908 0.867531 0.722310 0.697264 0.056613 0.377485 0.694127 0.481527 100.406909 0.018639 0.874440 0.631658 0.279025 0.802689 0.064704 0.273693 0.957119 0.942750 0.027244 0.866212 0.408234 0.300841 0.267155 0.221815 0.582575 0.029298 0.446064 0.673281 0.824648 0.714631 0.391683 0.568499 0.702788 0.825475 0.458193 0.366732 0.953285 0.910729 0.162905 0.327391 0.674766 0.011586 0.027194 0.869197 0.687381 0.397643 0.721710 0.357436 0.830573 0.148339 0.624470 0.315980 0.084245 0.749038 0.197745
0.479183 0.572829 0.940567 0.933775 0.947371 0.979964 0.043308 0.226007 0.047333 0.693630 0.856599 0.737812 0.684466 0.875985 0.728394 0.853965 0.926409 0.539698 0.860388 0.731802 0.087862 0.113878 0.016255 0.378589 0.564437 0.004362 0.063154 0.081486 0.990614 0.887102 0.973392 0.854671 0.657645 0.305175 0.195919 0.970589 0.347009 0.033572 0.480025 0.634690 0.261445 0.558292 0.286176 0.758804 0.737339 0.670677 0.275186 0.302479 0.691380 0.562375 0.533938 0.014429 0.708873 0.450079 100.302664 0.147937 0.925426 0.931281 0.046835 0.730746 0.754954 0.797914 0.784465 0.901129 0.728160 0.138256 0.251917 0.327001 0.869083 0.701675 0.805821 0.136147 0.713968 0.191148 0.179801 0.553438 0.989812 0.313651 0.443089 0.881527 0.386209 0.715498 0.533020 0.634729 0.788958 0.095247 0.611898 0.112625 0.962773 0.876689 0.198995 0.979606 0.970852 0.428631 0.990913 0.354496 0.224734 0.008897 0.436994 0.104420
0.818798 0.268369 0.981070 0.783790 0.419755 0.701424 0.423687 0.387685 0.180108 0.453936 0.828143 0.995354 0.504083 0.625206 0.276642 0.386363 0.795173 0.794418 0.751611 0.073839 0.274474 0.357821 0.851256 0.732954 0.801863 0.732508 0.688471 0.215027 0.657102 0.923266 0.800399 0.538138 0.737719 0.097227 0.620400 0.216306 0.404171 0.232595 0.600718 0.638475 0.633060 0.263812 0.941757 0.256075 0.659986 0.433513 0.690594 0.447234 0.207871 0.269753 0.770541 0.140734 0.022516 0.752862 0.004847 100.591905 0.123856 0.661756 0.548622 0.266105 0.046526 0.249275 0.500563 0.469344 0.591519 0.845401 0.478853 0.803012 0.859434 0.851988 0.905159 0.711427 0.619356 0.871512 0.349658 0.354026 0.021986 0.698829 0.030924 0.389437 0.767894 0.880322 0.896916 0.876446 0.702955 0.903449 0.134686 0.972921 0.857297 0.083192 0.259453 0.552080 0.402379 0.882259 0.402326 0.135293 0.786087 0.707564 0.694238 0.665417
0.061397 0.033573 0.435738 0.674588 0.931051 0.365809 0.485851 0.549906 0.303578 0.365589 0.073629 0.245359 0.472391 0.567786 0.876337 0.754467 0.603535 0.498737 0.518925 0.138515 0.790192 0.463133 0.623420 0.425673 0.414943 0.171650 0.023055 0.071284 0.917590 0.772055 0.304783 0.316563 0.568022 0.348514 0.805302 0.530543 0.053353 0.643929 0.425477 0.864982 0.067006 0.889092 0.815213 0.172421 0.079331 0.000811 0.699460 0.806275 0.497957 0.950037 0.778041 0.197929 0.421827 0.685652 0.659427 0.970264 100.910076 0.032857 0.548747 0.556491 0.304627 0.359157 0.827496 0.906480 0.045110 0.255075 0.633375 0.081190 0.762042 0.730150 0.006188 0.251617 0.313055 0.814129 0.531072 0.214967 0.953691 0.864471 0.877315 0.860585 0.919815 0.393024 0.125490 0.995219 0.385014 0.814682 0.050903 0.161223 0.382517 0.314853 0.641461 0.517379 0.070106 0.504940 0.442511 0.498047 0.461373 0.585143 0.879725 0.879074
0.929717 0.644916 0.088463 0.358692 0.592702 0.260646 0.352515 0.637608 0.804432 0.155012 0.745831 0.048299 0.881407 0.797354 0.531863 0.786794 0.246024 0.120489 0.476548 0.357614 0.726925 0.660162 0.785275 0.622960 0.563844 0.121788 0.920487 0.430738 0.767453 0.841903 0.226836 0.172848 0.320030 0.603182 0.366175 0.930214 0.269143 0.617392 0.531803 0.920315 0.204597 0.993834 0.402001 0.883656 0.360728 0.736787 0.841962 0.760189 0.769109 0.781297 0.512377 0.872071 0.763711 0.561638 0.869439 0.635994 0.514102 100.594016 0.389391 0.482073 0.539130 0.774502 0.116221 0.281639 0.477054 0.327205 0.079125 0.201843 0.688822 0.203470 0.979481 0.534757 0.367101 0.510636 0.272728 0.587367 0.508416 0.917814 0.994153 0.388320 0.499915 0.048405 0.996029 0.423733 0.739328 0.608899 0.844005 0.112606 0.408701 0.874151 0.374730 0.812531 0.543433 0.763841 0.637562 0.058794 0.524422 0.991518 0.850462 0.723876
0.424243 0.043040 0.734658 0.795957 0.405409 0.120300 0.538065 0.036289 0.066654 0.402546 0.373289 0.289842 0.050916 0.167737 0.496073 0.867555 0.074853 0.146912 0.666091 0.068407 0.629564 0.424943 0.777373 0.226034 0.461703 0.901594 0.188181 0.914879 0.879473 0.916992 0.639844 0.033972 0.785715 0.516445 0.826849 0.808982 0.126933 0.908505 0.195273 0.931863 0.857081 0.883467 0.242366 0.626006 0.241518 0.202456 0.592730 0.073238 0.313184 0.352528 0.619847 0.245937 0.554373 0.135024 0.848939 0.495447 0.786914 0.103432 100.945159 0.239476 0.729644 0.952184 0.217033 0.697320 0.788806 0.807654 0.957384 0.071357 0.293845 0.519695 0.612262 0.504745 0.770082 0.137982 0.260309 0.124422 0.953782 0.484020 0.036930 0.028685 0.096376 0.674398 0.434982 0.405571 0.943791 0.558736 0.594678 0.077110 0.910685 0.342631 0.978259 0.289281 0.595073 0.275693 0.697104 0.481046 0.595277 0.960002 0.546783 0.761942
0.576156 0.272070 0.270872 0.952911 0.989321 0.362792 0.358958 0.318061 0.272301 0.413410 0.310197 0.867675 0.802967 0.345830 0.899623 0.283862 0.256347 0.828971 0.988914 0.025641 0.193920 0.671761 0.741164 0.113209 0.749889 0.749775 0.430500 0.460393 0.624037 0.036540 0.082438 0.362182 0.177982 0.496842 0.435748 0.164878 0.357623 0.490198 0.728915 0.668348 0.570036 0.688274 0.027548 0.821833 0.514597 0.416461 0.805662 0.329752 0.037461 0.274756 0.923625 0.056400 0.956764 0.059352 0.876134 0.770264 0.145176 0.362635 0.999825 100.782402 0.656563 0.091458 0.132753 0.187947 0.798309 0.686340 0.606288 0.420496 0.048191 0.938154 0.036555 0.390390 0.737730 0.809109 0.286890 0.849739 0.259363 0.809327 0.484584 0.874558 0.445128 0.339596 0.207928 0.771836 0.847679 0.905199 0.522331 0.829490 0.217679 0.502902 0.367112 0.671271 0.465462 0.157644 0.458284 0.119994 0.017877 0.219813 0.250587 0.460493
0.893256 0.597681 0.394071 0.702652 0.229654 0.157201 0.413680 0.047311 0.689998 0.133811 0.415370 0.914064 0.811333 0.875385 0.906462 0.010119 0.796913 0.000159 0.197958 0.293428 0.862672 0.783176 0.241187 0.096251 0.115058 0.582427 0.957199 0.758083 0.221978 0.003462 0.810894 0.348923 0.738055 0.148548 0.050200 0.756530 0.312832 0.241680 0.668861 0.931591 0.316642 0.858724 0.573224 0.607191 0.640939 0.648387 0.003243 0.209652 0.836839 0.144733 0.302225 0.718390 0.211901 0.245811 0.483679 0.758189 0.975995 0.104505 0.853110 0.890897 100.541633 0.944129 0.145386 0.997564 0.949442 0.097729 0.846843 0.925200 0.655046 0.717182 0.092836 0.739348 0.841273 0.505638 0.350205 0.538639 0.373566 0.103076 0.802972 0.624849 0.227332 0.238636 0.339326 0.934846 0.996928 0.631123 0.438978 0.760822 0.830367 0.426752 0.572411 0.849128 0.573372 0.040537 0.993282 0.434597 0.369692 0.938800 0.494802 0.661325
0.623217 0.756755 0.262657 0.266478 0.240496 0.174162 0.278950 0.412213 0.638440 0.111656 0.646868 0.693089 0.965861 0.943620 0.979471 0.216980 0.092519 0.627677 0.296540 0.572525 0.949161 0.325225 0.822132 0.540690 0.800569 0.916098 0.229931 0.240109 0.330832 0.901919 0.160096 0.561511 0.385688 0.147460 0.460785 0.986531 0.570272 0.751939 0.406391 0.902114 0.570076 0.912008 0.990266 0.909202 0.864779 0.502416 0.716922 0.553094 0.501239 0.988866 0.087329 0.460302 0.430215 0.992974 0.624679 0.555075 0.775881 0.385655 0.267895 0.240454 0.882679 100.344870 0.433641 0.728317 0.483205 0.388625 0.932104 0.828967 0.980840 0.889422 0.030753 0.638762 0.502555 0.381084 0.452443 0.708040 0.682830 0.283484 0.966317 0.595485 0.912239 0.550740 0.005851 0.662402 0.421961 0.620002 0.398676 0.791759 0.679961 0.273549 0.860400 0.021571 0.588007 0.871668 0.567407 0.554668 0.816987 0.891240 0.861915 0.458574
0.490182 0.250981 0.066538 0.012430 0.967139 0.990705 0.385969 0.709628 0.365251 0.302246 0.245437 0.763522 0.635192 0.840210 0.416029 0.666861 0.192988 0.227760 0.319266 0.014225 0.203421 0.144105 0.481102 0.375877 0.262958 0.195614 0.116760 0.646812 0.044564 0.100791 0.077324 0.488374 0.595187 0.621094 0.453082 0.811093 0.234168 0.117867 0.825564 0.638718 0.316157 0.531484 0.710197 0.846388 0.658851 0.976022 0.322624 0.360028 0.289762 0.734844 0.597705 0.558263 0.627428 0.508920 0.758201 0.121421 0.094207 0.702696 0.270622 0.628647 0.116388 0.436100 100.324891 0.389615 0.403131 0.708234 0.611440 0.422294 0.991083 0.927675 0.749320 0.844640 0.130004 0.195624 0.966307 0.456188 0.145006 0.442235 0.414205 0.770096 0.192348 0.708694 0.227632 0.188998 0.421099 0.455074 0.110221 0.594900 0.415251 0.579786 0.718941 0.641611 0.653892 0.568159 0.349486 0.513028 0.236506 0.351042 0.917873 0.709715
0.109130 0.684450 0.515413 0.095626 0.221660 0.422678 0.669600 0.721268 0.676061 0.614899 0.944125 0.472869 0.110919 0.605099 0.706626 0.699016 0.228501 0.523794 0.217527 0.719291 0.821224 0.651941 0.912523 0.799579 0.549159 0.366244 0.629799 0.189888 0.600189 0.615292 0.482404 0.644131 0.421514 0.654694 0.314737 0.599872 0.224528 0.835914 0.696419 0.829917 0.451582 0.104656 0.793243 0.519426 0.259065 0.526707 0.810161 0.199480 0.515252 0.227455 0.017672 0.117105 0.574113 0.924963 0.718553 0.611535 0.225502 0.885973 0.249106 0.776808 0.024695 0.631691 0.389734 100.038439 0.078736 0.780386 0.150132 0.858128 0.066801 0.499707 0.092147 0.243325 0.447516 0.426698 0.496830 0.711804 0.930324 0.269857 0.752553 0.505351 0.509328 0.021642 0.054267 0.845135 0.311610 0.715199 0.621178 0.008477 0.405643 0.167538 0.105592 0.061140 0.231827 0.407794 0.839643 0.410969 0.543198 0.778286 0.369094 0.305925
0.065751 0.935797 0.465280 0.001535 0.007343 0.767429 0.803406 0.001220 0.783537 0.191704 0.841527 0.581099 0.481293 0.206191 0.171158 0.301202 0.814116 0.746828 0.374477 0.923780 0.701237 0.746890 0.327553 0.330406 0.385884 0.436428 0.969690 0.335772 0.280028 0.993053 0.464913 0.784671 0.898831 0.418235 0.130563 0.652662 0.205891 0.983424 0.664123 0.110999 0.935995 0.879022 0.294876 0.944211 0.445881 0.314331 0.125733 0.982701 0.312801 0.923607 0.095062 0.392326 0.317504 0.026913 0.265386 0.917214 0.396299 0.221165 0.385042 0.284222 0.450312 0.133995 0.481342 0.137834 100.546285 0.687433 0.574485 0.579973 0.839436 0.050537 0.546417 0.515920 0.311973 0.326946 0.596616 0.196287 0.299532 0.361039 0.621947 0.149236 0.876060 0.064166 0.928864 0.549384 0.214726 0.868656 0.999709 0.752311 0.386524 0.369816 0.632597 0.530604 0.363594 0.827943 0.547737 0.876168 0.166094 0.464995 0.111784 0.269409
0.532054 0.030599 0.276389 0.229086 0.919795 0.742581 0.024838 0.755933 0.455800 0.437014 0.657022 0.377550 0.816192 0.076575 0.405583 0.258641 0.874011 0.192434 0.974196 0.884501 0.654457 0.257890 0.464222 0.132295 0.496568 0.805528 0.468943 0.129089 0.793323 0.139020 0.596524 0.174111 0.134101 0.162685 0.414666 0.290900 0.505226 0.239231 0.880135 0.218254 0.168182 0.693679 0.884585 0.220328 0.281495 0.491746 0.591282 0.807915 0.073196 0.233552 0.814376 0.010398 0.732136 0.892493 0.871689 0.989042 0.140678 0.263573 0.715814 0.418039 0.559063 0.338125 0.492362 0.853439 0.576290 100.194973 0.476198 0.403195 0.899140 0.959493 0.337273 0.472848 0.401672 0.073313 0.914100 0.633561 0.658990 0.245623 0.424181 0.537484 0.309596 0.134304 0.891873 0.803864 0.213925 0.979439 0.614622 0.137627 0.078237 0.801138 0.199048 0.004907 0.868332 0.151455 0.998401 0.325310 0.807317 0.900172 0.414248 0.299417
0.019258 0.455434 0.786768 0.431048 0.677735 0.313371 0.351651 0.545359 0.222676 0.445145 0.835533 0.617653 0.695172 0.657719 0.883781 0.923191 0.905517 0.652977 0.267361 0.394126 0.914062 0.959851 0.696777 0.507869 0.737017 0.732081 0.396739 0.890351 0.270339 0.344984 0.631864 0.241837 0.319870 0.630549 0.154296 0.065932 0.192453 0.093244 0.826235 0.099485 0.505552 0.509269 0.423780 0.072386 0.090047 0.510235 0.876964 0.374763 0.358390 0.927613 0.558196 0.117350 0.337529 0.157201 0.525694 0.217284 0.571723 0.844213 0.872712 0.111367 0.010069 0.594295 0.808063 0.222897 0.183728 0.830335 100.445078 0.746819 0.037210 0.803082 0.883437 0.975526 0.944426 0.582436 0.092754 0.337513 0.855561 0.656061 0.207093 0.817150 0.298824 0.188740 0.077764 0.864261 0.018995 0.749968 0.893747 0.850281 0.287461 0.583233 0.563821 0.205904 0.473838 0.315748 0.415414 0.802623 0.067597 0.778629 0.022362 0.600903
0.804311 0.938682 0.082379 0.136821 0.523097 0.170293 0.717479 0.859987 0.171478 0.310827 0.506140 0.780755 0.700875 0.520363 0.191403 0.401253 0.908281 0.994985 0.564118 0.461164 0.476901 0.063475 0.054254 0.028759 0.872519 0.791795 0.258092 0.054715 0.070037 0.491008 0.870465 0.905033 0.669256 0.997877 0.767888 0.004363 0.030998 0.871264 0.273701 0.378697 0.145512 0.828037 0.350733 0.501816 0.677163 0.874187 0.129401 0.556621 0.466557 0.542440 0.999466 0.955145 0.033335 0.678108 0.224410 0.409269 0.096060 0.193227 0.835872 0.270343 0.534331 0.738131 0.825591 0.619296 0.538178 0.456145 0.492501 100.484427 0.661677 0.224973 0.283921 0.012815 0.488552 0.682735 0.891462 0.375996 0.829617 0.967130 0.103285 0.611397 0.603400 0.784332 0.763528 0.282390 0.536665 0.729767 0.137849 0.597327 0.089122 0.326330 0.962130 0.003821 0.178802 0.603577 0.329746 0.922281 0.218839 0.811838 0.091481 0.947322
0.385874 0.651963 0.032899 0.558808 0.557138 0.448441 0.220457 0.041456 0.347092 0.845485 0.077905 0.223185 0.888853 0.698348 0.274402 0.001143 0.935459 0.232538 0.849079 0.541718 0.847730 0.838993 0.585749 0.807536 0.507194 0.755168 0.874528 0.479653 0.018077 0.305661 0.829347 0.623255 0.454521 0.234134 0.661905 0.868139 0.703978 0.423091 0.776684 0.279500 0.578709 0.461213 0.898937 0.803893 0.270986 0.951852 0.340607 0.096604 0.742976 0.122081 0.935127 0.986958 0.612342 0.821753 0.106138 0.701089 0.020133 0.935620 0.313861 0.236851 0.581193 0.041129 0.205868 0.437625 0.762557 0.571754 0.131560 0.746307 100.273978 0.023625 0.049251 0.648615 0.240513 0.820975 0.265665 0.555307 0.823807 0.052334 0.257698 0.095180 0.369814 0.557314 0.012252 0.458404 0.435091 0.968717 0.981764 0.109195 0.738741 0.192888 0.049722 0.552232 0.399924 0.096158 0.804436 0.361606 0.321737 0.892525 0.290712 0.521797
0.907179 0.141307 0.764750 0.926543 0.889793 0.328884 0.306633 0.717064 0.908936 0.846640 0.550350 0.406508 0.183395 0.019031 0.072929 0.900839 0.978989 0.922374 0.291073 0.751097 0.739273 0.817754 0.067694 0.701695 0.437302 0.776785 0.933491 0.743018 0.799809 0.188182 0.701463 0.767882 0.819570 0.812060 0.632477 0.054897 0.107859 0.990173 0.465436 0.057719 0.510053 0.982354 0.067449 0.071142 0.332017 0.071161 0.162431 0.078657 0.217560 0.548764 0.623931 0.836100 0.779884 0.165392 0.270178 0.763535 0.397272 0.884022 0.403210 0.790222 0.059011 0.436472 0.308154 0.437123 0.498594 0.657270 0.571631 0.713934 0.054780 100.808310 0.909015 0.564495 0.125698 0.607225 0.581097 0.724127 0.362887 0.725332 0.216383 0.297700 0.668045 0.616711 0.770334 0.923756 0.049662 0.932423 0.763665 0.535346 0.013295 0.758910 0.179251 0.517351 0.707908 0.891656 0.680636 0.800086 0.281377 0.299206 0.563931 0.535798
0.536807 0.785337 0.535051 0.076701 0.337264 0.563542 0.749531 0.951334 0.767237 0.095247 0.502688 0.951350 0.217275 0.949352 0.266990 0.797624 0.261480 0.628571 0.945417 0.870124 0.891525 0.806621 0.663942 0.987941 0.491817 0.079845 0.088419 0.384452 0.363750 0.972686 0.407277 0.605155 0.095768 0.453536 0.881031 0.927783 0.739922 0.591529 0.455026 0.562579 0.168996 0.215295 0.859489 0.904670 0.579136 0.485796 0.957356 0.397693 0.615289 0.074446 0.086098 0.088634 0.370918 0.740520 0.718859 0.367822 0.719329 0.373390 0.703696 0.811456 0.094968 0.516442 0.076763 0.764731 0.609202 0.070642 0.906167 0.758191 0.999260 0.850669 100.473897 0.684231 0.620228 0.886665 0.348272 0.928200 0.607532 0.108056 0.730423 0.215045 0.690638 0.794212 0.475626 0.402174 0.346104 0.801561 0.832134 0.217975 0.858707 0.941785 0.374400 0.783207 0.437962 0.305468 0.450473 0.251659 0.039309 0.696806 0.352703 0.796321
0.214570 0.690173 0.964059 0.720854 0.227292 0.159069 0.377609 0.582220 0.135174 0.106153 0.918047 0.737581 0.940728 0.815319 0.062517 0.511276 0.537409 0.860691 0.530234 0.024704 0.357543 0.940284 0.361223 0.048413 0.448554 0.803829 0.590937 0.093099 0.141598 0.398525 0.984818 0.742243 0.834208 0.976304 0.692624 0.785143 0.232907 0.469059 0.692437 0.426639 0.776116 0.434246 0.473945 0.886622 0.942786 0.199722 0.980525 0.594044 0.974851 0.381078 0.987052 0.749833 0.519287 0.744439 0.501298 0.598058 0.205869 0.981788 0.891944 0.720064 0.966983 0.154723 0.203186 0.539259 0.569650 0.809116 0.422781 0.439358 0.832319 0.128454 0.172118 100.151184 0.598104 0.288069 0.061994 0.856284 0.716153 0.347608 0.268985 0.256753 0.611129 0.392069 0.872810 0.215753 0.140718 0.417918 0.968808 0.194006 0.197158 0.270256 0.284927 0.863172 0.611194 0.944810 0.928351 0.253525 0.991296 0.077940 0.479058 0.027787
0.995832 0.863348 0.225737 0.582834 0.788421 0.337713 0.363572 0.131841 0.886370 0.950583 0.065239 0.625511 0.782666 0.547675 0.396335 0.432919 0.209456 0.173765 0.316238 0.043507 0.505329 0.471845 0.158121 0.760708 0.874118 0.481149 0.694863 0.943568 0.175475 0.479787 0.855749 0.485816 0.570196 0.830560 0.535557 0.545158 0.387773 0.070455 0.897929 0.365496 0.513923 0.516498 0.145374 0.092286 0.457803 0.672900 0.038665 0.167256 0.818632 0.630316 0.933451 0.835335 0.189928 0.760562 0.461867 0.711918 0.921696 0.581076 0.215712 0.647983 0.245618 0.225833 0.459774 0.548042 0.550697 0.341484 0.879063 0.248062 0.237861 0.314158 0.416181 0.674195 100.183666 0.037332 0.059502 0.125957 0.296893 0.299620 0.593482 0.574830 0.941649 0.609076 0.661744 0.314453 0.046722 0.905993 0.537237 0.889806 0.341066 0.297044 0.387007 0.400454 0.625836 0.835680 0.523029 0.315059 0.617863 0.696420 0.966618 0.567866
0.345626 0.095540 0.565181 0.473326 0.293351 0.868476 0.194995 0.544366 0.931835 0.549641 0.323617 0.742006 0.671233 0.288387 0.649823 0.420632 0.873179 0.561165 0.296504 0.434655 0.554082 0.562794 0.724036 0.689557 0.294186 0.926480 0.616219 0.278865 0.408368 0.665641 0.367868 0.732704 0.806538 0.805028 0.898148 0.366505 0.218680 0.012444 0.105512 0.837029 0.198938 0.159104 0.924448 0.834457 0.673807 0.470374 0.391107 0.462748 0.852745 0.600993 0.815678 0.215627 0.463402 0.773515 0.338559 0.114079 0.998587 0.564031 0.337161 0.271624 0.994801 0.801568 0.216268 0.425821 0.435503 0.624393 0.579775 0.718810 0.469904 0.235595 0.899400 0.879981 0.521651 100.133332 0.406914 0.293992 0.534777 0.108732 0.786747 0.267732 0.590756 0.252862 0.211997 0.892530 0.199007 0.309718 0.980382 0.455671 0.344166 0.907330 0.627182 0.710692 0.634850 0.531522 0.821112 0.489152 0.554909 0.625145 0.487762 0.115151
0.376222 0.201847 0.516692 0.252745 0.303188 0.521834 0.061698 0.641117 0.236803 0.558162 0.210820 0.365177 0.516241 0.899109 0.346552 0.782072 0.749428 0.692112 0.614349 0.254322 0.460294 0.510241 0.418012 0.691898 0.006544 0.111901 0.609888 0.814250 0.200400 0.724007 0.148852 0.069517 0.438766 0.479876 0.565301 0.253836 0.320827 0.748762 0.885277 0.130664 0.545113 0.828385 0.717978 0.886015 0.789336 0.921389 0.091563 0.116414 0.366438 0.019133 0.908036 0.992242 0.877336 0.869073 0.481902 0.069026 0.872115 0.932172 0.722626 0.135477 0.812350 0.424238 0.501284 0.660987 0.464711 0.090068 0.774448 0.569633 0.138678 0.941295 0.708733 0.819059 0.073684 0.233352 100.723864 0.751813 0.589727 0.600461 0.301637 0.648201 0.431136 0.502694 0.394289 0.572369 0.942113 0.020028 0.029245 0.337672 0.827854 0.099991 0.639721 0.038819 0.150558 0.563052 0.453639 0.347441 0.565591 0.175304 0.701683 0.358555
0.343165 0.266736 0.982052 0.751423 0.864739 0.922646 0.267351 0.092530 0.498362 0.094609 0.513620 0.453880 0.927299 0.095724 0.645513 0.233299 0.150782 0.397932 0.647695 0.206390 0.917593 0.066577 0.832605 0.712153 0.480206 0.150174 0.849416 0.640923 0.313654 0.919808 0.459181 0.976169 0.554168 0.617643 0.543556 0.205112 0.308967 0.740446 0.299004 0.730623 0.933704 0.405098 0.400153 0.248315 0.589183 0.626740 0.657168 0.784695 0.970772 0.368283 0.748144 0.404054 0.645618 0.988199 0.908572 0.094407 0.210306 0.676736 0.234235 0.428048 0.155537 0.972756 0.070842 0.030245 0.146803 0.229207 0.104278 0.950717 0.966966 0.192397 0.097282 0.404720 0.147318 0.148330 0.689925 100.655230 0.557727 0.555726 0.167565 0.649840 0.779607 0.294177 0.812998 0.487481 0.076993 0.079444 0.034249 0.071882 0.284723 0.048856 0.581133 0.577376 0.327710 0.035382 0.203002 0.855756 0.529745 0.149793 0.239792 0.042363
0.969420 0.828810 0.208982 0.250518 0.045259 0.363993 0.115911 0.820216 0.670261 0.840499 0.039092 0.830490 0.234949 0.611543 0.248036 0.022401 0.557601 0.156792 0.813536 0.514287 0.305498 0.717054 0.638759 0.719441 0.731306 0.143687 0.962639 0.122734 0.112770 0.929209 0.440992 0.384393 0.728652 0.880830 0.071714 0.887161 0.187397 0.308217 0.039997 0.345695 0.709287 0.964156 0.643732 0.358495 0.585113 0.687683 0.232792 0.700841 0.880716 0.802392 0.104646 0.360697 0.414343 0.705203 0.397770 0.857732 0.176459 0.672822 0.798969 0.237295 0.048301 0.837635 0.387687 0.698190 0.350483 0.288994 0.243572 0.318236 0.260746 0.086286 0.891330 0.158516 0.458789 0.366303 0.261618 0.744291 100.719267 0.864984 0.058827 0.470037 0.196976 0.667141 0.048165 0.160681 0.991747 0.602523 0.098897 0.006950 0.047289 0.400048 0.978947 0.826808 0.798669 0.908369 0.246527 0.861187 0.018631 0.470094 0.186079 0.301884
0.736160 0.984169 0.694860 0.012885 0.567068 0.299552 0.415335 0.243156 0.683216 0.128766 0.391914 0.134471 0.028655 0.603119 0.676335 0.280592 0.130030 0.706931 0.712457 0.971952 0.862924 0.046682 0.004990 0.021251 0.680063 0.268352 0.242434 0.191441 0.767961 0.025596 0.885049 0.637579 0.919871 0.103361 0.824851 0.302804 0.207179 0.304877 0.629749 0.107986 0.027724 0.829122 0.346523 0.899230 0.792263 0.456274 0.656458 0.723004 0.046312 0.656542 0.893078 0.395224 0.513212 0.296550 0.924137 0.742113 0.370651 0.623166 0.827448 0.327953 0.847270 0.911015 0.163211 0.057515 0.535068 0.856328 0.523173 0.327359 0.823470 0.261940 0.104954 0.637780 0.275924 0.364946 0.263765 0.234979 0.270648 100.924486 0.308599 0.605137 0.441783 0.544596 0.417253 0.421766 0.040678 0.778099 0.489138 0.450053 0.932195 0.069774 0.748941 0.196187 0.957596 0.764410 0.547116 0.588071 0.886893 0.245133 0.014502 0.482390
0.262189 0.885524 0.782903 0.536694 0.572851 0.760524 0.858881 0.796365 0.717325 0.165150 0.508381 0.983682 0.690328 0.821763 0.939542 0.793117 0.199387 0.866229 0.545293 0.636116 0.504708 0.188069 0.061770 0.130089 0.481175 0.740670 0.008822 0.648282 0.405935 0.714763 0.556230 0.356607 0.179144 0.589241 0.498038 0.863160 0.197427 0.081251 0.279329 0.440467 0.270531 0.129527 0.757187 0.033483 0.504971 0.868653 0.334645 0.026451 0.525603 0.558640 0.440481 0.611491 0.559304 0.972967 0.834097 0.536957 0.152702 0.498479 0.290859 0.119497 0.831422 0.276064 0.193662 0.472904 0.720313 0.079868 0.849561 0.835150 0.037015 0.021006 0.247534 0.754579 0.235013 0.808731 0.919745 0.005389 0.926991 0.181903 100.644842 0.141436 0.210979 0.989087 0.062048 0.398640 0.216579 0.678604 0.925132 0.608235 0.745467 0.682092 0.556447 0.891896 0.764833 0.660666 0.403525 0.350766 0.112425 0.261832 0.866764 0.519391
0.356547 0.282733 0.821683 0.755582 0.821072 0.943908 0.023085 0.393698 0.598545 0.429131 0.719678 0.503864 0.448255 0.009654 0.006756 0.602087 0.720134 0.685818 0.412524 0.101520 0.295749 0.747705 0.485670 0.236259 0.954657 0.838204 0.642322 0.276562 0.702818 0.798845 0.546248 0.351143 0.433219 0.065583 0.629247 0.927142 0.066333 0.134835 0.014146 0.376236 0.737424 0.213234 0.984664 0.492177 0.071114 0.568807 0.313837 0.803225 0.841156 0.974595 0.411794 0.244253 0.751183 0.565146 0.375777 0.906820 0.717801 0.827819 0.063451 0.609569 0.548791 0.171356 0.035869 0.269968 0.283068 0.028038 0.445291 0.177087 0.566355 0.173910 0.836446 0.806599 0.060953 0.858599 0.686689 0.329893 0.764235 0.433100 0.975927 100.242683 0.380755 0.932407 0.510901 0.456203 0.167722 0.975985 0.974898 0.713505 0.196437 0.907858 0.382731 0.922411 0.821104 0.968200 0.302000 0.174716 0.853619 0.253331 0.866113 0.997949
0.921602 0.045183 0.055376 0.050740 0.541720 0.067010 0.039826 0.444441 0.928884 0.465191 0.406265 0.716212 0.308459 0.967605 0.682116 0.242615 0.070782 0.054648 0.595980 0.320343 0.595630 0.756419 0.237180 0.811740 0.726550 0.096321 0.920286 0.172393 0.004233 0.610860 0.921267 0.396363 0.067827 0.301375 0.406622 0.902843 0.419680 0.784516 0.221062 0.379540 0.222572 0.139875 0.609031 0.788105 0.190717 0.107004 0.565488 0.011098 0.752164 0.250208 0.288897 0.888370 0.802303 0.929829 0.925964 0.177962 0.035535 0.233128 0.178289 0.985182 0.301251 0.366912 0.860844 0.643747 0.859677 0.065345 0.356462 0.658139 0.109965 0.295100 0.574385 0.225037 0.658806 0.868654 0.890402 0.806858 0.291600 0.501275 0.445297 0.552787 100.350789 0.131217 0.709745 0.083263 0.230506 0.505121 0.151796 0.892690 0.956085 0.230668 0.661873 0.034632 0.363217 0.352629 0.803498 0.631883 0.962764 0.197613 0.691416 0.544951
0.174000 0.073892 0.080039 0.164861 0.422166 0.754930 0.310247 0.631255 0.698478 0.586775 0.319987 0.205416 0.425555 0.814373 0.643205 0.569703 0.550119 0.470452 0.700678 0.612696 0.344711 0.787744 0.865237 0.047078 0.980719 0.595078 0.458271 0.099286 0.520212 0.635645 0.459674 0.038037 0.755393 0.955130 0.752275 0.196570 0.316629 0.221213 0.694486 0.264465 0.882025 0.365683 0.985249 0.768553 0.854913 0.701785 0.120680 0.656330 0.043316 0.662944 0.092160 0.394122 0.265760 0.087344 0.420563 0.193380 0.752215 0.013704 0.155803 0.636026 0.225127 0.515084 0.136968 0.794824 0.108417 0.566131 0.565175 0.592669 0.612616 0.263120 0.617520 0.721478 0.659323 0.789321 0.333504 0.919828 0.192163 0.975989 0.326005 0.853126 0.097866 100.659972 0.794413 0.914617 0.673933 0.274273 0.730644 0.884738 0.260993 0.819664 0.850871 0.642960 0.620289 0.010045 0.873758 0.461591 0.495871 0.194604 0.063462 0.229962
0.032766 0.643581 0.321001 0.846591 0.916796 0.932120 0.440961 0.886699 0.745532 0.744614 0.183380 0.638586 0.637418 0.587627 0.408530 0.997881 0.331483 0.329191 0.671019 0.150769 0.560835 0.764217 0.003509 0.520666 0.234985 0.156201 0.749923 0.683615 0.385292 0.100682 0.076209 0.167363 0.426716 0.144629 0.370451 0.382473 0.518908 0.412909 0.201032 0.939684 0.435873 0.411426 0.423669 0.079919 0.263947 0.532232 0.787729 0.204981 0.913763 0.280559 0.107984 0.724094 0.451281 0.669949 0.742922 0.361318 0.201301 0.883442 0.808995 0.874405 0.320250 0.983643 0.083109 0.145465 0.630717 0.907827 0.211157 0.527404 0.765469 0.621523 0.304514 0.851876 0.432674 0.853513 0.487346 0.323725 0.095807 0.590733 0.141274 0.397642 0.806088 0.834337 100.208164 0.630389 0.700668 0.011460 0.201538 0.729773 0.328443 0.388708 0.311879 0.601380 0.188889 0.442880 0.564749 0.801603 0.894010 0.885352 0.583867 0.628544
0.658758 0.549546 0.304113 0.984694 0.977996 0.704387 0.947402 0.030286 0.657724 0.893966 0.710847 0.852265 0.107133 0.309461 0.633318 0.821324 0.245533 0.765572 0.456768 0.338898 0.109279 0.847784 0.721956 0.061874 0.868498 0.460779 0.152188 0.516097 0.716437 0.363102 0.440679 0.256619 0.788645 0.216444 0.333561 0.130381 0.469267 0.490939 0.558802 0.041073 0.485755 0.789595 0.239042 0.396584 0.175957 0.565222 0.886231 0.225107 0.591663 0.058533 0.374430 0.112588 0.474581 0.334569 0.353364 0.204845 0.088173 0.074374 0.910428 0.536695 0.978792 0.060385 0.061727 0.281687 0.660755 0.436814 0.960486 0.149592 0.012618 0.521289 0.230414 0.423823 0.846683 0.763299 0.160944 0.010321 0.212569 0.947951 0.781391 0.932492 0.482663 0.217074 0.724469 100.382713 0.308800 0.112507 0.319136 0.002864 0.571087 0.937059 0.541762 0.562811 0.765667 0.982907 0.798745 0.322807 0.581839 0.660409 0.202455 0.599211
0.629210 0.890297 0.955739 0.108748 0.022059 0.380032 0.243030 0.955908 0.624320 0.242414 0.316117 0.871868 0.189358 0.092419 0.905940 0.718443 0.699172 0.425205 0.610069 0.103296 0.445813 0.850687 0.507615 0.570415 0.705273 0.308163 0.720658 0.620620 0.880512 0.158524 0.420782 0.872745 0.369671 0.913569 0.065516 0.558253 0.806015 0.444611 0.553767 0.974309 0.359189 0.335468 0.591637 0.254848 0.718894 0.281052 0.160549 0.366789 0.735951 0.292731 0.579353 0.801652 0.894269 0.995415 0.228239 0.621701 0.801862 0.669588 0.540306 0.582827 0.361139 0.286030 0.164181 0.559277 0.183599 0.206501 0.519565 0.945007 0.983831 0.471174 0.125937 0.011061 0.762578 0.585652 0.931212 0.156046 0.653813 0.652763 0.693068 0.943749 0.037379 0.620890 0.871466 0.350967 100.216397 0.282949 0.965306 0.445517 0.235710 0.057425 0.527806 0.774404 0.450642 0.277177 0.362673 0.121396 0.505542 0.094252 0.927067 0.038871
0.014938 0.747052 0.372961 0.013301 0.045358 0.247059 0.016089 0.739845 0.716063 0.354674 0.098053 0.721078 0.239822 0.657418 0.549914 0.876826 0.127821 0.883121 0.250024 0.431170 0.433994 0.101572 0.846518 0.384587 0.599937 0.278271 0.939613 0.272366 0.791878 0.203300 0.606592 0.806052 0.529912 0.750890 0.979942 0.872007 0.006834 0.708350 0.298832 0.998910 0.901189 0.182638 0.163395 0.957639 0.661887 0.313886 0.317323 0.060129 0.663166 0.244816 0.574878 0.830432 0.257315 0.275260 0.907326 0.040768 0.687528 0.534038 0.915915 0.162606 0.323496 0.773989 0.267403 0.619564 0.233820 0.688066 0.526607 0.915778 0.980186 0.730722 0.798617 0.147740 0.632071 0.016364 0.214898 0.014914 0.178517 0.477679 0.412607 0.281480 0.957055 0.875594 0.546992 0.732552 0.940836 100.973522 0.597796 0.596613 0.138844 0.387866 0.076489 0.035245 0.182327 0.508967 0.996434 0.179735 0.871269 0.868170 0.581606 0.034847
0.989876 0.810080 0.320278 0.799005 0.366224 0.086410 0.087754 0.135982 0.750230 0.449575 0.911131 0.919759 0.999893 0.333588 0.377524 0.985984 0.645193 0.743040 0.383432 0.369099 0.344676 0.487180 0.170571 0.777881 0.131892 0.179918 0.731510 0.446767 0.310885 0.178984 0.919025 0.905740 0.057806 0.677490 0.007843 0.276402 0.144656 0.729022 0.956388 0.818345 0.104750 0.617073 0.821790 0.355218 0.455098 0.624334 0.815986 0.877897 0.609950 0.732799 0.132590 0.169874 0.872103 0.018481 0.239236 0.480842 0.919251 0.091232 0.747358 0.082562 0.841373 0.784373 0.416488 0.855986 0.368467 0.020917 0.085257 0.744347 0.019724 0.448667 0.948224 0.097290 0.320750 0.330177 0.247325 0.655558 0.632238 0.346064 0.425950 0.332165 0.234955 0.878531 0.704310 0.649867 0.400705 0.381586 100.319454 0.734166 0.115980 0.994873 0.422642 0.466143 0.759196 0.020197 0.905066 0.716107 0.967312 0.058372 0.406359 0.311633
0.132348 0.054675 0.460744 0.775403 0.837127 0.151229 0.103699 0.645287 0.062729 0.432214 0.304442 0.058718 0.741504 0.206662 0.183918 0.023621 0.134312 0.661816 0.279810 0.222109 0.000045 0.503415 0.432601 0.482584 0.853657 0.640733 0.099245 0.063605 0.469023 0.132854 0.861964 0.075960 0.929941 0.735907 0.859825 0.055409 0.361986 0.914641 0.999371 0.475114 0.805515 0.634861 0.540039 0.818119 0.353671 0.739257 0.152823 0.673502 0.273922 0.490347 0.027183 0.365042 0.042861 0.492296 0.183756 0.562705 0.727151 0.187077 0.611526 0.261896 0.889257 0.460436 0.531588 0.904028 0.547459 0.422278 0.683588 0.975680 0.103977 0.608272 0.535741 0.045328 0.516340 0.991255 0.152397 0.285180 0.905553 0.443612 0.970038 0.155628 0.346698 0.773496 0.987203 0.721759 0.316012 0.188855 0.162631 100.864400 0.746848 0.651124 0.383052 0.902483 0.986097 0.857233 0.666731 0.477887 0.452733 0.113563 0.009841 0.558613
0.194846 0.851879 0.158798 0.628999 0.987112 0.522882 0.803207 0.256795 0.851022 0.709103 0.857309 0.468702 0.298589 0.755632 0.574088 0.467825 0.819478 0.870271 0.256374 0.203348 0.456469 0.271099 0.330135 0.114820 0.551702 0.508506 0.553827 0.008501 0.357801 0.122038 0.390305 0.389772 0.818575 0.415304 0.843728 0.134640 0.110953 0.436145 0.986432 0.102408 0.904343 0.016870 0.111579 0.226448 0.031701 0.940499 0.625983 0.848345 0.514997 0.072436 0.923976 0.834935 0.776851 0.720855 0.716392 0.818219 0.714628 0.607060 0.588950 0.448695 0.627043 0.890587 0.763053 0.397743 0.389848 0.978953 0.026239 0.624780 0.901888 0.334638 0.448366 0.478166 0.114724 0.450790 0.293439 0.244080 0.533753 0.496924 0.809342 0.749385 0.665334 0.248422 0.897111 0.433045 0.951257 0.181035 0.617679 0.303459 100.190538 0.241804 0.669990 0.374892 0.018850 0.714755 0.964297 0.915742 0.745262 0.069996 0.446046 0.100202
0.080176 0.219450 0.177012 0.407258 0.057380 0.049252 0.609438 0.291332 0.045229 0.345919 0.451848 0.657746 0.583831 0.387378 0.522614 0.093221 0.622496 0.726947 0.167153 0.234318 0.653309 0.152593 0.716799 0.042504 0.635797 0.206974 0.161027 0.579450 0.281118 0.587416 0.223927 0.159881 0.623416 0.606841 0.052782 0.510494 0.301760 0.651116 0.194797 0.795939 0.484775 0.225822 0.957241 0.249832 0.896345 0.490878 0.333691 0.465443 0.831782 0.934302 0.557282 0.368501 0.711057 0.675061 0.487130 0.265312 0.235459 0.185693 0.036501 0.061238 0.566078 0.469195 0.841096 0.442502 0.926839 0.348145 0.448970 0.563938 0.213486 0.579109 0.990504 0.641458 0.064134 0.153162 0.906895 0.727959 0.832348 0.057219 0.392434 0.462980 0.744151 0.841396 0.948426 0.401873 0.135244 0.653758 0.258899 0.152641 0.737684 100.647875 0.156021 0.262664 0.441515 0.284718 0.436843 0.571902 0.338064 0.910568 0.445552 0.717212
0.000673 0.018721 0.777834 0.057385 0.383908 0.829388 0.919746 0.719943 0.415862 0.064009 0.865804 0.537464 0.905769 0.681338 0.622655 0.007896 0.616591 0.455308 0.756931 0.127495 0.496605 0.229476 0.966813 0.080463 0.494727 0.990406 0.680758 0.802241 0.455931 0.890226 0.700508 0.384443 0.674316 0.374845 0.226768 0.215108 0.127463 0.101220 0.160136 0.196254 0.278941 0.986538 0.961058 0.787761 0.865954 0.049101 0.093398 0.408537 0.198804 0.482173 0.727761 0.339126 0.524776 0.168251 0.961631 0.428100 0.315874 0.668852 0.570958 0.474424 0.601116 0.911642 0.987071 0.678816 0.393840 0.171884 0.144261 0.862512 0.843634 0.895923 0.223061 0.861335 0.700322 0.377983 0.611414 0.594710 0.831303 0.454646 0.339692 0.050903 0.397108 0.879973 0.403255 0.571777 0.596433 0.607911 0.666567 0.256299 0.127113 0.702891 100.237080 0.969269 0.435728 0.611147 0.679976 0.070015 0.945384 0.494631 0.784048 0.494736
0.070166 0.343078 0.783207 0.903236 0.519122 0.593388 0.051169 0.410349 0.713015 0.982983 0.485925 0.906221 0.850025 0.171537 0.084320 0.047600 0.340292 0.549526 0.698463 0.416699 0.469963 0.586444 0.125300 0.984466 0.103740 0.446706 0.738015 0.402546 0.467038 0.943509 0.936449 0.837348 0.891721 0.113415 0.258160 0.027804 0.376160 0.005090 0.256352 0.509828 0.862375 0.683466 0.738705 0.803720 0.111099 0.888607 0.826605 0.460369 0.583471 0.654214 0.369377 0.314483 0.028849 0.422152 0.965725 0.355702 0.071784 0.561655 0.965674 0.085971 0.744163 0.824078 0.138489 0.881890 0.808221 0.049797 0.324412 0.663698 0.535849 0.712596 0.670719 0.713529 0.926663 0.685869 0.456673 0.390722 0.097195 0.547273 0.759969 0.883235 0.552242 0.075074 0.304420 0.580030 0.934295 0.641731 0.147288 0.923502 0.487437 0.024214 0.888434 100.871839 0.179588 0.871523 0.332240 0.919615 0.059345 0.838724 0.056780 0.842086
0.650610 0.761313 0.028056 0.567594 0.954177 0.262610 0.626385 0.215891 0.293639 0.673821 0.005936 0.917758 0.835966 0.313698 0.639438 0.026672 0.094355 0.800281 0.237182 0.501096 0.429390 0.076892 0.287066 0.753739 0.400620 0.563025 0.594457 0.783094 0.115071 0.991570 0.567281 0.281594 0.672136 0.125457 0.360665 0.939762 0.165459 0.386806 0.347805 0.716231 0.940439 0.998519 0.088050 0.543805 0.341116 0.938336 0.320870 0.271514 0.627835 0.268034 0.605870 0.977636 0.459546 0.927580 0.048984 0.312212 0.491777 0.745722 0.615150 0.285849 0.878397 0.115063 0.178849 0.264801 0.874706 0.650465 0.326997 0.769971 0.527705 0.370362 0.088026 0.536805 0.507187 0.127239 0.291670 0.595633 0.297927 0.635897 0.675759 0.550150 0.611811 0.462298 0.465065 0.133574 0.166780 0.497784 0.616187 0.199567 0.509637 0.262376 0.436285 0.880359 100.699811 0.981568 0.174558 0.586232 0.345822 0.752432 0.711450 0.594765
0.334143 0.022615 0.909497 0.361731 0.406745 0.868112 0.855911 0.583860 0.758576 0.279263 0.792285 0.310677 0.142701 0.693446 0.404363 0.838423 0.077975 0.508587 0.235645 0.911548 0.488131 0.349123 0.939669 0.384700 0.917197 0.851571 0.774854 0.389966 0.697296 0.521397 0.417476 0.806518 0.226640 0.163571 0.230080 0.709860 0.532123 0.297677 0.499164 0.970800 0.559465 0.623270 0.082743 0.519987 0.778116 0.373153 0.752034 0.795022 0.794448 0.542153 0.187925 0.811380 0.802534 0.372201 0.112706 0.689222 0.457965 0.489732 0.849823 0.259424 0.063995 0.102328 0.787901 0.976428 0.739912 0.955286 0.874399 0.303852 0.767992 0.440244 0.309964 0.568041 0.345461 0.938928 0.445240 0.937022 0.555173 0.749995 0.063198 0.133294 0.279242 0.626895 0.945107 0.501405 0.773119 0.073170 0.305700 0.081014 0.399963 0.521631 0.197719 0.395369 0.822485 100.315116 0.234117 0.519811 0.607125 0.205056 0.608352 0.714231
0.252270 0.543562 0.482587 0.939890 0.327653 0.787727 0.457711 0.390168 0.949352 0.407176 0.438358 0.100060 0.831390 0.970004 0.453354 0.480393 0.043006 0.875105 0.454937 0.022853 0.971670 0.095692 0.823713 0.834825 0.677783 0.545867 0.767588 0.498277 0.332634 0.325693 0.679563 0.183069 0.146978 0.350678 0.714324 0.018375 0.403011 0.938121 0.092653 0.270665 0.400987 0.726678 0.733734 0.543744 0.445541 0.736644 0.169758 0.520441 0.525049 0.710029 0.575002 0.017287 0.428114 0.232345 0.128833 0.904041 0.966691 0.597331 0.036253 0.489570 0.664537 0.573667 0.575963 0.948085 0.106928 0.750456 0.637915 0.501987 0.067294 0.326484 0.096473 0.470753 0.252711 0.522458 0.669717 0.316248 0.700839 0.175516 0.464769 0.922475 0.723029 0.455847 0.658068 0.150608 0.705810 0.703185 0.945338 0.184540 0.479248 0.618276 0.811993 0.674785 0.022200 0.387319 100.680554 0.813363 0.264994 0.710014 0.950311 0.160398
0.027492 0.239008 0.375328 0.277449 0.592759 0.888624 0.673411 0.631658 0.674138 0.862708 0.127753 0.775161 0.369556 0.672865 0.816675 0.477294 0.788772 0.661633 0.680450 0.834894 0.424524 0.402963 0.221879 0.366857 0.759028 0.084789 0.564088 0.044315 0.145648 0.672829 0.561474 0.050509 0.740194 0.748144 0.960622 0.047113 0.271065 0.827297 0.766452 0.384455 0.529742 0.869760 0.123690 0.978895 0.097482 0.468878 0.836607 0.436052 0.585586 0.575092 0.948595 0.151136 0.042225 0.866696 0.493427 0.369951 0.541560 0.830777 0.020033 0.743316 0.420917 0.256944 0.316375 0.447037 0.728236 0.791481 0.617005 0.918097 0.187685 0.075839 0.954265 0.497594 0.311789 0.759300 0.600175 0.025038 0.056088 0.874463 0.361091 0.147753 0.481898 0.039423 0.328982 0.862481 0.720237 0.595825 0.019391 0.432640 0.742144 0.360921 0.289014 0.255503 0.856851 0.295586 0.763278 100.439765 0.521215 0.487015 0.799886 0.861783
0.956928 0.771568 0.786577 0.261529 0.728768 0.450465 0.425667 0.595475 0.096556 0.703480 0.454642 0.399761 0.610149 0.827290 0.491286 0.107619 0.839388 0.036126 0.080836 0.367116 0.421446 0.746378 0.665868 0.944256 0.003856 0.215936 0.384533 0.546813 0.521455 0.757544 0.572860 0.993820 0.265465 0.817000 0.226492 0.029189 0.003372 0.063403 0.643259 0.696689 0.082364 0.966344 0.776330 0.055916 0.930858 0.067117 0.052264 0.052745 0.988418 0.204693 0.307778 0.012781 0.415267 0.864472 0.052631 0.006810 0.716526 0.919136 0.828961 0.838848 0.413272 0.800114 0.762316 0.556056 0.322039 0.052680 0.655378 0.376194 0.231675 0.488730 0.716758 0.114495 0.407443 0.119742 0.824979 0.771629 0.043100 0.005603 0.135595 0.917775 0.075578 0.109618 0.359995 0.011991 0.401089 0.771705 0.241441 0.672583 0.611624 0.659955 0.176417 0.013223 0.944922 0.077942 0.036473 0.355750 100.865089 0.669840 0.429698 0.134616
0.169762 0.683366 0.196239 0.755254 0.630484 0.974859 0.843688 0.568536 0.667040 0.123606 0.162881 0.774775 0.238948 0.886589 0.562775 0.831237 0.486038 0.569750 0.995412 0.251389 0.470319 0.221149 0.970025 0.099353 0.512917 0.563668 0.034578 0.430977 0.122244 0.702421 0.437974 0.992985 0.908478 0.540447 0.480307 0.044872 0.893533 0.140916 0.024272 0.542963 0.828397 0.587533 0.291489 0.998343 0.326099 0.891076 0.370871 0.413292 0.271287 0.355757 0.292409 0.411819 0.807549 0.376235 0.855370 0.414662 0.140852 0.363226 0.790218 0.239931 0.103728 0.315593 0.863388 0.657532 0.990826 0.429968 0.673300 0.810097 0.831599 0.698196 0.595893 0.975966 0.636465 0.277411 0.453549 0.856855 0.324265 0.897562 0.946227 0.306383 0.334534 0.826932 0.086927 0.990009 0.655383 0.731594 0.151934 0.951618 0.813033 0.501345 0.438547 0.459913 0.484585 0.246638 0.785593 0.898866 0.118193 100.265048 0.425702 0.259393
0.981374 0.443820 0.097677 0.489592 0.671292 0.363268 0.729018 0.472725 0.901662 0.474053 0.668308 0.449778 0.769994 0.413029 0.524902 0.296088 0.047921 0.933540 0.179361 0.755410 0.123599 0.680564 0.619719 0.871176 0.763449 0.829467 0.234776 0.506543 0.881927 0.060696 0.298640 0.725360 0.353852 0.223508 0.811673 0.564165 0.345314 0.483977 0.699640 0.123518 0.422279 0.730354 0.425397 0.589693 0.176668 0.248774 0.606273 0.238088 0.871945 0.180563 0.093946 0.254805 0.849660 0.966781 0.553648 0.759843 0.866266 0.306399 0.095080 0.039340 0.077944 0.533116 0.615007 0.902061 0.056481 0.892218 0.529637 0.411687 0.377740 0.781439 0.054546 0.087471 0.747068 0.381290 0.804086 0.706292 0.285214 0.757242 0.363224 0.029006 0.651526 0.236248 0.904254 0.803465 0.642562 0.505421 0.475274 0.486534 0.429281 0.293442 0.301143 0.136674 0.137721 0.594589 0.219525 0.227137 0.717594 0.582501 100.646884 0.100824
0.676160 0.385762 0.772191 0.123744 0.883207 0.982305 0.775237 0.312443 0.009317 0.072734 0.574777 0.260002 0.015149 0.201902 0.087572 0.575094 0.931776 0.829784 0.889403 0.523949 0.928272 0.821137 0.905779 0.922126 0.562533 0.162087 0.304270 0.897346 0.441064 0.765945 0.246720 0.790321 0.992949 0.024387 0.833625 0.756013 0.315123 0.860499 0.034334 0.893048 0.747297 0.090824 0.697635 0.017268 0.111947 0.945275 0.014853 0.452751 0.162958 0.063585 0.005918 0.148286 0.935413 0.023383 0.224073 0.793325 0.117047 0.457683 0.591749 0.908598 0.213578 0.682243 0.052474 0.541685 0.936711 0.147455 0.853297 0.598265 0.465860 0.828670 0.830701 0.406850 0.877784 0.373067 0.910719 0.702469 0.826777 0.609241 0.386259 0.763944 0.230766 0.039434 0.296478 0.618149 0.331149 0.971798 0.853399 0.687410 0.777106 0.910340 0.939954 0.321055 0.252335 0.454253 0.009753 0.283200 0.151601 0.720608 0.855542 100.014266
