369.944463
365.409054
370.512124
371.442448
381.334190
373.813584
381.648168
376.890635
373.999721
372.271936
383.269387
370.653826
385.982277
386.098736
383.575081
368.807689
372.441326
377.423856
380.772934
377.875573
381.886720
377.595708
372.902891
377.746990
375.684936
371.443524
368.899425
379.397829
380.788008
385.026444
371.563973
380.938149
366.591601
365.050174
375.669721
371.826508
378.956017
374.030652
383.031811
377.599235
388.264697
366.996543
379.942997
369.073594
367.232685
369.455695
380.703649
362.748703
374.631135
385.616425
379.343146
373.761036
371.302429
374.498571
385.188523
386.172867
374.611065
389.330254
373.476576
371.088078
382.599999
393.657364
367.275577
368.538045
372.387252
371.391788
374.608049
375.465489
370.811955
383.831943
388.943058
383.013489
374.788163
381.331991
372.028373
366.005076
368.558965
370.244378
375.906212
380.216840
366.395817
373.930374
374.562541
369.707861
377.258748
373.705881
374.635641
369.146735
377.966598
362.591848
379.432149
381.249559
372.813524
381.256243
376.529912
376.255957
362.465607
384.010074
371.563878
378.941502
