470.105306 4.394517 5.789928 9.945253 6.224504 8.147282 1.957046 2.665480 4.796874 2.324568 4.715555 9.431052 7.027250 4.926125 3.033868 2.056467 5.360498 8.638436 0.875088 7.773046 1.915488 9.508094 4.378522 7.867439 0.712599 1.542981 2.986444 1.049514 7.573636 4.595452 4.043243 7.677572 8.751945 7.908415 2.349813 4.295415 0.021154 3.618234 0.693028 0.577878 2.087284 8.753004 9.201595 4.800734 2.191198 2.439121 0.565552 6.260586 0.670679 4.143014 6.025624 8.239394 0.775399 3.225920 9.569169 8.157024 2.581691 1.480584 5.003871 2.929618 2.243072 3.650037 8.040735 8.452182 4.348244 2.636397 8.699962 1.145215 1.272046 1.962314 6.134646 7.894194 0.660797 7.459493 8.696711 1.501260 4.406896 1.178434 3.522331 9.575084 3.627418 5.955767 5.623282 5.817002 7.182369 0.236814 3.477359 4.803778 8.407499 1.052533 3.575909 3.034367 1.764261 6.193435 8.836800 2.148236 9.751491 0.105177 5.744558 3.321777
9.479243 541.746742 6.884810 7.189576 1.263004 1.729196 9.006523 4.268671 8.310641 1.407342 6.143892 2.485408 4.367338 5.203260 2.277252 3.618570 2.385235 0.659806 7.227958 1.526614 8.796676 5.450828 8.143818 2.220112 6.294323 3.691105 6.949196 7.887217 5.251442 0.969481 8.402999 5.449241 0.452809 2.300088 7.272896 8.395807 1.231278 3.421662 3.014931 5.242405 0.828377 5.975151 7.367762 6.294454 8.614685 7.289668 8.778508 1.243868 1.563363 8.279272 5.070687 2.028198 5.948407 9.845736 0.302308 5.600447 7.778213 6.356048 3.202138 7.706533 9.600953 6.852702 6.679990 9.018845 1.080709 2.341092 8.278408 7.377418 5.662119 5.168487 7.968900 3.551903 4.124427 7.619163 5.782183 7.199120 8.558307 4.127950 6.635077 4.706041 6.298368 1.343459 1.627502 7.602942 8.967131 6.658858 3.338915 9.539223 3.911858 0.998531 1.325710 1.141089 8.242377 9.908153 5.893889 9.247439 4.667525 2.980598 8.976106 8.190985
5.183862 6.790620 546.414784 1.924478 5.110584 7.692055 9.668735 5.820872 3.314381 7.847299 5.056960 0.090304 6.559894 4.615021 5.448296 4.209201 7.977377 0.423730 0.337727 8.944483 7.485853 7.296780 6.912683 4.239295 9.023179 5.936339 7.372020 1.961936 4.371194 9.312201 7.672012 2.858850 3.599256 7.809788 9.646893 4.863376 4.251257 0.600665 9.001998 3.737380 6.070841 7.298946 5.337866 1.487579 9.788268 0.593344 6.079313 0.151125 5.305296 5.216178 9.807980 7.993465 9.692091 6.212511 6.232777 9.941952 7.043546 3.934937 0.311655 3.455232 8.624304 6.704325 9.260679 6.363965 9.802690 2.983142 6.038288 8.838227 2.469433 6.953038 2.053960 1.412772 1.307098 4.879659 5.623889 5.328059 4.076898 3.793665 8.600436 7.514873 7.325886 9.970245 1.063315 6.027763 1.062588 6.206653 5.467787 4.217561 6.146245 5.413545 7.439677 2.392679 8.764274 7.803975 6.484279 6.226841 0.530504 0.137322 3.137860 6.360767
0.001120 4.382329 8.988009 566.042871 9.786280 8.139417 1.629237 4.836642 8.712289 8.364870 3.231477 4.240262 8.822609 3.869305 4.036726 9.219171 5.245154 5.939560 4.567698 9.312184 5.042055 1.701458 9.133380 5.554083 5.223124 5.964573 4.324417 3.171872 3.864706 3.767957 7.824826 1.523629 8.171855 9.231427 8.261032 6.539737 8.165633 1.751607 1.086399 7.009430 8.413095 4.127197 9.155417 9.730162 7.691254 3.582708 9.752790 2.385263 4.024308 8.807994 4.664796 5.961817 7.515016 0.344620 2.416427 0.994615 1.128683 3.352282 4.391190 2.950984 6.707491 3.526545 7.166987 7.162712 9.288355 2.294826 0.692909 3.821278 6.608722 1.080829 3.522021 7.614962 7.896260 4.717031 8.641841 0.011745 7.407532 9.261451 9.587029 0.880198 7.501954 9.970477 7.929786 4.360205 3.657290 2.091935 5.635057 0.153843 8.072321 7.380070 6.458565 6.230724 2.741736 7.641678 6.196276 7.004791 7.631025 1.826430 9.372294 9.854934
6.837704 7.469980 2.862977 1.148819 483.781945 7.344173 9.173693 6.228348 8.099881 9.206780 2.019974 7.288863 2.335192 3.281469 5.876719 1.072738 8.894126 6.741856 0.064175 9.559117 0.580319 5.879851 3.337208 0.359650 8.223612 4.183557 4.787888 0.921927 2.399352 1.226049 0.055462 3.284329 0.914258 6.352407 6.604487 2.131790 0.887838 3.028359 8.655439 2.837637 9.747110 6.728570 6.399460 1.302515 7.843493 9.846841 4.739673 6.873416 1.722222 2.971047 6.930063 9.502544 0.784025 2.615342 3.996098 5.194872 9.923248 4.126980 8.649669 9.370046 4.821513 8.455605 4.792603 3.121717 4.423523 9.276043 2.916138 3.068411 0.707090 1.231238 6.402958 3.447115 4.145115 2.078407 2.104348 8.999578 5.630594 9.754388 2.169207 1.854140 7.948044 2.406313 5.128382 2.662651 7.819040 4.626949 0.281025 1.399804 7.648925 7.384059 1.263005 5.500550 4.997489 5.876618 2.234622 2.066523 7.170522 8.087111 6.420339 1.833767
1.955616 3.541505 2.555171 2.459609 5.153728 503.532720 7.858819 3.443095 4.726357 0.144829 9.029735 6.053486 6.820584 7.143905 5.827314 2.628335 4.435092 6.830464 3.011958 2.510686 4.179617 0.331808 5.323040 7.264236 5.900144 2.001150 6.858449 5.163370 1.664128 6.833844 0.149537 4.397368 9.964278 3.740602 0.284001 4.017601 1.884107 8.124693 6.225803 3.619914 3.493179 2.555142 8.011298 9.368635 6.153607 7.739548 5.975057 3.681105 5.819234 0.308721 5.121983 8.825960 6.225595 8.011808 9.978693 4.994039 5.897060 7.980620 3.185719 2.928956 7.839669 9.527126 4.719783 0.158392 2.679930 5.150089 3.719395 8.899209 6.491368 5.515008 4.236089 9.454773 3.425868 4.963997 5.739507 2.905061 9.741528 1.435861 9.994780 8.821887 4.882778 1.486790 9.568864 2.698550 0.597095 8.219177 8.181647 3.006268 6.972674 2.626221 5.990032 1.006944 7.844660 3.388734 0.797448 2.203413 5.074035 2.012795 3.781208 1.024908
5.127489 3.386979 4.420929 4.864711 0.491199 1.552806 536.484079 4.582193 1.740230 3.355579 3.104578 9.095962 6.788225 2.978090 5.072077 4.571382 3.319304 4.735843 9.702012 6.364034 3.995359 6.282019 4.251030 6.424193 4.719826 5.058057 9.227266 1.691835 7.933583 0.123927 8.443735 2.518479 4.148464 3.496955 6.618400 6.846276 6.516751 0.323964 2.026197 6.533202 3.310970 5.287253 8.748914 1.304698 5.401298 4.250276 2.557114 0.679653 8.255791 9.048101 7.076349 9.993917 9.186682 5.144418 4.253670 2.086644 1.341770 6.856942 9.615950 9.935874 1.883283 3.035156 9.598522 2.734725 6.534142 2.324792 9.487773 1.358760 9.735807 4.967221 8.990066 9.223787 9.686574 9.836981 2.879307 2.195378 4.277432 6.340933 2.987041 8.963785 9.631325 6.572147 9.907669 5.675188 1.942465 3.703027 3.903563 6.554813 2.041461 8.917345 4.879521 7.145032 3.245369 7.776688 5.668463 7.403779 4.374641 1.747696 3.368681 6.163720
4.252993 8.716096 0.333346 3.198884 4.099999 7.163749 8.824719 463.119137 4.197144 2.966986 7.296388 1.711259 8.895213 2.523110 7.285184 0.830018 0.759865 8.490092 2.963905 1.475718 1.602120 0.428793 7.047722 7.382800 2.109072 0.941006 8.202942 2.366374 1.437851 5.616263 5.251999 5.679894 0.283397 4.697890 0.035781 9.365567 4.156798 4.904392 6.727691 9.141394 8.869303 0.586910 3.372870 0.745110 5.304312 1.499321 3.091612 3.245669 1.993231 9.233217 3.108811 7.179200 1.236850 2.953464 4.670118 0.806945 5.736037 9.668128 8.317884 9.443956 4.908015 2.647557 9.407190 6.041322 1.435728 5.506854 7.454661 4.628704 4.298145 7.364563 7.317764 5.212311 2.544448 3.146217 8.997373 7.752370 3.948775 2.163011 6.162915 7.127242 1.391521 3.311092 2.604956 3.188548 6.014852 6.686309 0.319216 7.201217 7.160723 1.171460 5.410747 3.905905 3.377436 3.876972 4.074064 9.864295 8.546876 3.208917 5.066805 2.988695
4.672623 3.987799 4.331201 8.149869 1.178446 0.160342 5.125346 1.555927 483.940080 1.871840 6.762483 3.489672 4.086667 1.165172 7.124752 6.247567 2.309447 8.029869 5.965265 7.974562 6.708593 4.098173 5.700896 4.543447 6.729839 7.475122 2.945029 9.439259 9.834051 2.472414 3.545987 0.950050 2.278747 2.227124 4.252427 5.521167 3.437921 5.793327 9.243586 2.199267 3.582421 4.647702 2.950512 3.193732 7.477170 3.725743 8.590346 4.723624 6.758581 8.629895 0.742544 4.200670 1.577082 4.895241 1.168707 2.255803 8.248271 7.594210 7.317660 3.560554 9.427066 9.735572 0.212425 4.860825 5.294963 8.415991 2.794222 1.241354 5.952259 3.393787 6.490326 2.915719 2.591996 2.745271 5.884499 2.753989 4.881402 2.614401 0.967737 8.815861 9.172385 2.911925 2.592906 1.936328 6.018173 4.676024 9.726845 0.640407 9.153027 9.574580 9.697901 0.697854 0.792467 6.288024 2.975767 4.035795 9.808431 4.730890 0.897610 3.020824
3.012940 9.857875 8.877225 0.026236 7.506266 7.526326 4.771247 2.273751 3.748006 541.580248 9.480775 2.053330 9.568607 9.311714 7.237275 1.857303 3.287585 4.640799 2.254607 7.546925 9.653114 7.204556 6.945053 1.761425 9.613777 1.910747 2.012166 2.424911 8.891299 2.406773 2.132515 4.730294 0.830796 6.655051 7.324010 4.948399 0.692074 8.476008 0.315265 6.547218 4.287128 7.390830 6.150926 0.953440 0.484410 7.294497 1.224527 9.572887 4.799722 0.150463 7.022780 9.237232 9.273679 0.586783 1.040697 8.064987 6.445724 9.476564 8.438709 8.789172 4.944969 4.994597 7.554883 6.283082 9.571134 8.891241 5.171160 9.813049 8.274425 5.089301 0.226281 8.615670 5.353365 4.396434 7.296018 0.104193 9.978980 3.531486 7.164965 1.838104 8.460553 3.869793 8.251985 1.994302 8.748043 6.751124 6.007932 4.128897 6.513656 3.449637 0.908901 3.317923 3.361780 3.694543 8.378352 6.569680 5.268682 7.617941 1.176058 2.238416
6.326308 6.953442 0.610543 7.876852 7.914091 0.407375 6.279312 7.350746 0.009600 9.970370 520.893095 9.390414 9.634846 3.475744 9.561555 0.888661 7.716730 5.165287 2.003146 8.763822 0.508867 2.163749 4.744233 9.758365 3.195860 3.063902 3.560688 4.518551 7.961800 4.256646 8.586485 9.698588 7.539877 0.940185 9.843409 5.380262 3.164040 6.811290 4.094419 2.344978 3.512469 8.995847 6.360917 4.914625 0.807647 4.716399 3.783724 7.047460 4.994327 8.316851 3.597120 9.128601 0.940975 5.267661 3.606917 9.269415 5.623445 3.891706 9.642540 5.005060 3.324980 6.732674 6.638824 8.504153 3.081980 4.115161 6.620406 5.205915 4.019999 8.569051 5.312721 3.076123 2.600142 0.370897 4.941225 2.156091 2.186888 0.454771 6.522476 9.908108 7.472214 5.873230 4.797259 9.805993 2.500340 1.685308 0.736688 1.707469 5.189403 7.315979 0.538976 6.523882 5.810396 9.106499 6.778628 8.986659 1.045014 8.686953 0.496953 4.002198
7.252479 1.908473 0.527437 3.085765 1.128387 4.403141 8.494924 9.070820 9.958644 4.848442 7.206028 494.447646 1.708800 4.262466 8.268064 3.716980 3.344002 6.228378 0.654967 8.762601 2.881341 1.823879 9.881499 3.639630 1.589659 5.586175 8.032335 9.016291 4.063197 0.321026 3.256884 6.783825 3.524385 8.480336 1.116922 8.442617 9.090768 6.632480 2.887674 5.698721 0.497901 4.681435 6.070551 6.335650 2.668201 2.008532 7.807675 9.796408 5.815690 9.622066 4.710213 8.404661 1.424447 9.014290 6.253354 9.439907 7.947158 7.934732 3.841189 2.777761 5.269843 3.749332 3.493045 4.626724 2.293198 8.272174 6.910260 0.271381 2.519660 4.696855 1.545748 3.062721 4.944884 7.367468 5.869542 4.896964 3.137214 9.633549 7.246585 9.671186 1.521713 1.952926 1.442612 0.486921 7.544390 1.850126 4.233107 1.693281 0.119246 4.420857 3.606036 4.327574 2.495462 9.165318 4.403704 7.399240 0.239106 2.643720 0.561788 2.346340
0.639592 3.141541 1.317037 0.313436 0.361103 6.847071 6.861886 3.217843 2.068029 0.400323 0.827087 6.841415 421.865480 9.864440 6.364333 8.181239 8.008032 1.643571 7.294768 5.259616 3.948945 8.480556 6.133642 3.636172 9.143073 0.652623 5.981079 8.319557 5.189945 6.154085 4.566481 3.458499 2.161870 7.687810 5.375488 2.080256 1.240179 6.800972 3.589843 2.473693 1.564300 5.301781 8.786242 6.675445 6.650094 6.655852 3.770117 2.382707 1.194737 1.744559 0.091502 2.128349 1.574221 4.996822 1.638991 1.434025 3.476137 2.121893 0.418691 1.365770 4.439437 7.199275 2.315224 6.263210 7.104728 0.744296 0.593731 5.518930 3.581150 1.660810 7.210391 0.714209 2.379614 2.953327 5.067931 3.271054 7.721381 6.918917 5.741713 1.212123 9.272097 3.043370 6.901040 7.403423 1.176372 3.213847 0.268560 9.695916 1.685948 6.932587 5.810038 2.184277 1.414006 5.311722 0.076869 3.167624 5.023746 3.540823 5.066601 4.673677
1.760044 7.580314 3.020357 3.761028 8.508763 3.932337 5.820116 6.697792 4.966118 7.183684 9.435720 4.787561 2.535839 499.777450 5.868268 9.136425 5.780374 5.348688 4.166684 4.808861 3.864037 4.975686 0.369820 5.817094 7.399664 8.409748 6.370844 6.388739 8.239660 0.005680 6.441920 4.885518 6.690343 6.587592 1.801771 7.650226 2.584520 6.444053 9.973704 6.042904 1.835422 2.836172 0.478182 2.435219 8.223960 3.029116 1.964916 1.774928 1.989480 1.940255 7.451063 2.742799 4.047205 7.739239 4.592420 1.916670 1.090904 9.768370 4.649745 8.967460 8.861532 1.684594 7.904816 0.696009 3.047629 9.980625 1.591613 4.106078 3.596378 3.857129 4.613243 2.368185 1.060281 9.683964 2.667490 6.876087 9.011727 7.853120 6.499380 5.760357 0.412174 4.927348 1.526254 6.927786 0.602146 0.786812 7.871574 2.462129 1.890439 7.928095 2.129646 5.376365 2.873408 7.833622 8.332666 4.802712 1.083316 6.381991 9.121251 8.009503
3.231915 9.979504 4.067632 8.423340 5.281835 0.629306 7.688073 1.017241 3.720038 0.303248 9.646883 8.590016 5.525481 1.993812 519.280387 0.467130 2.615397 4.082900 0.871391 7.087726 3.959465 7.335668 2.341139 0.334550 0.500247 9.040137 6.921035 9.884459 4.779679 8.415907 2.434400 5.060979 3.310562 4.070476 6.450916 4.973837 7.045966 2.402661 9.470807 9.584002 8.033478 7.178417 7.509699 6.659807 7.271658 5.934821 5.460943 3.864507 6.139455 3.914523 9.428468 3.269559 2.170030 7.439338 4.051690 4.212967 9.301570 5.003275 5.494386 9.607102 3.635628 7.999559 3.831326 7.560990 6.908270 2.491824 1.238522 4.179471 9.101718 1.269855 7.875649 5.911540 6.568068 7.912734 2.275835 2.136632 6.624226 2.209153 3.612120 3.029314 8.940403 0.485508 5.292576 4.447391 8.000668 4.719807 0.241331 2.337129 3.067972 2.116741 1.695922 7.692332 1.619403 6.463950 5.297107 7.141798 6.381639 6.948952 9.164334 7.706605
2.289672 5.562588 1.440979 8.566515 2.185221 0.682907 9.285584 0.670795 5.093156 6.784453 9.274694 8.401961 8.864754 6.011224 1.539354 522.454045 9.999912 8.487824 3.732160 2.179290 7.992122 9.298569 6.540633 3.759391 8.100117 4.221952 0.235030 7.571170 1.688440 5.628113 3.742499 2.918063 9.808659 4.370085 6.720741 5.104126 3.716857 6.933353 8.232750 8.150693 1.401106 5.825382 6.498074 4.896625 3.670340 4.267252 6.579367 4.490616 4.704816 3.826769 2.186008 7.454664 7.217915 3.784975 7.810096 3.484186 3.817150 1.371618 1.262333 2.980048 0.086340 7.171395 2.081622 8.473022 3.150430 4.434735 2.865780 0.904076 1.274132 2.506578 8.187895 4.254409 2.058836 1.758195 3.778334 8.585705 4.295657 7.328460 8.383552 2.879776 5.933807 8.560752 9.587114 8.548184 5.204553 9.493455 0.806231 6.940383 8.316986 2.420133 4.406697 4.141488 8.276302 1.875178 5.229763 5.684848 2.788181 8.267365 8.120330 9.359902
3.853531 9.617932 0.538890 9.965985 8.450454 4.468366 1.142545 1.587734 5.308719 2.458316 0.951581 3.495945 7.928412 8.850610 7.253225 2.536357 515.139036 7.623965 7.816522 4.814656 5.503248 5.643424 3.959600 6.438292 4.543753 3.711543 2.170530 9.214820 9.368910 8.800214 9.264427 2.829263 2.603768 1.250881 4.701927 0.779423 3.566969 5.148465 5.267663 8.897784 9.906432 3.849381 2.128230 5.390893 7.958313 8.343403 9.227314 4.219404 4.055720 9.694481 8.066642 3.377148 0.012792 2.309385 0.383571 6.392244 3.584501 2.727086 1.882211 9.633905 4.826026 3.034334 0.002792 3.951837 0.215610 9.719326 0.340353 5.378113 7.477606 6.412813 6.686318 6.019504 7.314130 7.107132 6.405010 5.319671 5.795448 7.733636 7.169854 1.087181 2.796345 4.892179 5.767517 0.723083 0.423446 6.005340 9.284399 9.482502 7.396878 8.113255 4.450009 5.437518 7.679576 0.279709 4.882383 6.158234 0.874774 8.143490 2.749279 1.489506
4.748580 9.679175 4.610215 9.559736 9.216193 7.251626 0.971531 0.333898 7.263454 2.399315 9.606603 5.321070 8.392845 8.485598 6.060563 7.253026 1.845145 512.312789 7.851687 7.194921 1.332038 6.592934 7.628708 2.653450 7.267067 7.922493 7.565446 4.528309 8.179467 6.799992 4.058038 9.833461 7.200988 2.097801 9.522117 5.815411 9.684347 2.147324 9.490004 1.878842 6.827575 8.780928 7.681804 2.855574 2.465608 7.952764 2.426693 0.281517 8.073187 0.843810 1.523518 4.141984 9.968319 3.428086 3.007246 0.225580 0.252979 0.432005 1.824981 6.541718 7.768189 0.328918 1.127143 1.036048 3.625649 8.273065 6.812422 5.116798 9.123189 7.441687 3.762996 7.991553 3.610039 3.135913 4.346664 1.240607 5.570893 8.739849 7.532005 6.569575 1.643706 8.316399 7.120608 5.552168 1.221184 6.618345 3.789711 5.414064 5.332375 3.546121 1.792162 1.762471 1.371145 5.272298 4.857691 4.252703 8.310269 2.970652 0.315224 8.343425
5.909460 3.606175 7.021499 0.314063 7.752407 7.514711 3.888153 8.131277 1.345213 9.254966 8.978180 1.933592 0.716869 7.534407 2.853471 2.005577 0.237309 9.397668 493.357363 2.107797 7.992693 2.643602 2.697976 0.280406 4.862461 3.699012 4.625730 7.944112 9.276145 1.755485 3.182708 5.532782 4.247371 6.256126 0.758403 5.698211 9.523662 9.780410 2.303309 4.619876 3.119657 0.157163 0.231494 7.969477 3.710676 7.169466 8.547039 3.332284 3.730515 6.272085 2.843670 6.278944 3.861909 4.580637 7.878388 5.343101 7.134583 0.100721 8.523746 8.896536 2.585514 6.160149 9.916694 9.072338 4.454104 5.589839 5.141577 1.410779 3.308788 2.307760 2.804790 9.153823 3.394580 2.918756 6.053717 5.176586 5.722817 2.932950 7.788168 7.423195 1.066217 0.763996 5.323001 7.942134 4.192530 7.398333 0.323379 5.646024 0.193431 9.292977 0.604246 8.695178 7.557871 9.511363 1.438218 0.903511 1.160054 3.271373 9.586508 3.179539
1.889970 4.387322 9.052022 9.197718 3.328952 6.685509 5.500236 7.185303 2.259964 7.458682 3.958702 6.583620 7.161637 3.521645 1.492245 7.471467 6.345211 7.111176 1.205088 514.777329 5.595395 4.099307 7.421082 5.494182 4.365966 7.745824 8.437556 0.099535 7.557646 6.944779 3.296965 1.097775 0.063873 5.185288 0.255293 7.270306 0.421578 5.216769 6.675478 5.583207 9.251432 6.810411 8.966470 0.031792 1.971135 0.465716 7.750054 4.674939 9.152294 3.172733 0.112183 4.365775 1.640034 0.687812 5.490453 2.576750 7.078933 9.899554 7.727005 8.199922 5.614809 2.064994 6.879125 4.545116 2.341117 9.632282 0.006165 6.162647 7.820181 3.939287 2.243402 8.072654 5.834287 9.482266 6.370242 3.046589 5.638580 8.426902 5.462647 6.643899 1.569550 3.812290 0.642751 9.910924 5.915039 8.554475 9.407820 6.182883 8.780362 5.373116 0.132279 7.836109 0.628159 6.524452 7.091479 1.627300 7.308110 5.217879 7.166932 0.520673
4.381257 6.868462 0.756710 9.822294 4.107574 1.538125 3.490733 0.339611 3.428336 7.958075 6.579978 1.456097 2.863146 1.128776 8.615744 8.142980 2.776109 3.177565 9.594220 1.144573 493.689886 4.345787 8.627768 1.061431 3.108524 8.957955 0.667998 8.455183 5.273827 8.863210 1.894418 2.738516 3.524565 4.311841 7.927556 5.462868 1.044237 9.906550 5.198031 0.828975 0.262145 9.116531 1.731159 0.985687 0.624945 7.432597 1.293691 2.894831 8.908913 2.942788 4.801386 1.055723 2.866034 9.505817 4.710133 3.271923 3.801876 9.109990 9.418949 1.971974 9.298349 5.601936 5.280410 6.466992 4.552462 8.509201 3.193156 8.458926 0.516236 1.796796 2.051068 5.250857 9.884310 4.629256 1.814530 5.722942 4.276276 8.508983 4.684499 5.472281 1.761918 3.406826 8.277332 5.684381 7.049649 5.415116 2.686354 5.069513 8.915323 2.199948 8.340576 4.708351 7.543189 4.342054 7.743865 0.270330 9.630799 7.030435 7.123193 3.431750
7.467432 2.875347 7.821388 1.452638 9.377195 8.508647 9.924736 3.294997 8.585843 6.090010 8.782756 5.869416 2.038199 4.679081 2.845021 4.217052 5.767129 5.705453 7.605311 8.356846 9.508563 523.226849 0.280425 3.600426 9.397904 6.327066 0.971430 0.715418 9.186689 9.817814 3.424240 8.353590 2.793463 3.728606 5.592046 1.296535 0.191438 6.853135 1.971375 7.996983 6.866441 3.354158 0.879540 8.355937 5.144543 3.609065 2.667721 9.630939 0.948688 8.946577 7.065034 5.875891 3.286545 7.856506 4.674907 9.124840 5.101009 1.961245 9.711309 9.463627 7.264674 2.081500 8.942868 4.945718 1.427827 3.345789 3.179645 1.243194 1.971622 3.411892 8.504534 2.284906 1.557823 3.987801 3.358575 6.978667 8.271740 7.495619 2.703584 3.632914 1.118155 8.045512 5.978486 1.301900 0.738996 5.262977 1.558852 6.638354 8.869571 2.413659 3.845358 8.737908 2.577705 4.425610 0.918020 2.649921 6.855174 9.615420 7.461662 9.066284
0.079994 9.084071 3.503762 2.379182 9.703213 5.628779 7.372575 6.420433 6.111451 9.681676 7.846866 5.035899 0.962541 4.300398 1.506260 9.125713 4.783384 0.471502 7.803223 6.758175 6.102843 1.151485 539.827204 1.831806 8.145971 2.964358 3.313798 7.138873 5.498623 5.866871 6.071732 7.123490 4.083961 7.939284 8.384826 9.640449 2.866966 5.262907 8.159579 0.517906 7.950779 5.330001 7.042509 0.459110 4.564632 8.529597 4.905425 7.866580 4.723422 1.526336 0.613592 2.829209 5.594082 5.063892 3.898757 3.886974 2.538371 6.514251 2.757292 6.558829 6.080988 1.533951 0.343812 3.517526 8.716027 9.629319 3.066812 8.358945 8.173157 5.988383 7.251492 7.812910 9.591972 3.623567 0.654506 3.105836 4.011976 1.449884 4.695970 9.896538 6.937152 1.520998 8.406541 7.454145 4.964592 6.426819 2.608251 8.703293 1.474922 0.715207 7.150044 9.652821 6.454341 5.854545 1.622013 2.340065 7.365391 8.057400 6.082343 8.550122
9.291260 0.165623 1.072198 2.730761 9.953368 2.578190 7.973190 8.409397 7.344190 7.487125 2.679925 5.025751 9.432415 8.128862 6.889842 6.783686 4.211509 1.220967 1.123051 7.641549 8.076848 0.754538 9.123519 526.818237 9.768324 5.068421 4.629851 2.080834 7.373571 5.064158 8.328078 1.706295 7.626235 7.984333 5.420680 4.924213 4.398433 1.836840 8.240931 9.597691 8.563774 6.078676 8.352856 1.327465 6.975829 5.461287 8.483941 9.127007 2.115005 9.668885 3.611998 7.522887 1.396738 8.348999 9.470117 0.142448 5.258107 3.324177 2.394803 0.512754 5.804800 6.223828 0.432279 1.647232 6.017319 5.967172 0.298227 2.100169 9.301938 1.274392 4.730635 6.202738 1.352308 2.141741 9.062255 9.143632 1.205396 2.253391 9.875969 7.129161 6.177326 1.744340 2.747783 6.823478 1.589212 5.965027 3.085674 3.450262 2.032671 4.254477 1.874402 6.542537 9.511320 2.752541 1.703625 6.556495 8.106527 3.183127 9.615782 2.682652
6.221203 9.042787 0.164955 6.652474 0.043055 3.380518 5.542705 0.007005 7.189325 3.069254 9.357482 1.255585 3.068046 5.052790 6.626457 6.636952 1.099134 9.678271 0.577137 4.201613 5.216030 3.369856 8.884836 9.043443 496.177456 9.179481 0.284649 3.214590 3.944499 4.878285 7.507567 6.762096 6.509526 0.139514 8.409009 1.300300 1.630920 8.134736 3.702470 3.664251 7.573177 9.992225 0.725332 6.520916 0.945406 9.857596 8.018695 1.685952 6.504111 7.373587 1.142960 1.922578 3.189899 2.228171 3.685038 5.400379 1.067636 2.030190 5.131626 0.980857 2.843500 3.053982 7.083936 9.780837 3.866344 4.315792 0.808459 3.901005 3.137546 6.117688 9.883457 4.402216 9.413566 5.704997 8.799985 4.290121 7.249410 3.020681 4.878146 3.105647 0.791602 5.807737 3.746285 4.646823 5.793237 0.715058 9.428203 7.663550 3.548325 5.592376 2.653212 5.306132 8.624458 7.650118 8.125761 9.147058 4.688039 1.027412 7.228998 8.160011
1.861558 6.174410 4.978228 3.987401 7.165603 4.842744 4.016106 3.055756 7.308320 5.043834 2.594372 0.589649 7.900981 1.000492 1.902300 2.067582 1.008082 4.860734 1.937380 9.441814 7.929498 4.118702 5.876837 0.288229 0.598671 508.350492 8.539747 7.540868 8.513460 4.890141 2.775940 3.765895 1.975892 8.579513 8.117380 9.725051 4.037016 8.399384 7.481555 2.633140 2.036183 7.982666 2.483088 1.858206 4.375709 9.954234 9.791431 3.946409 6.109817 5.276793 0.647744 8.041039 9.850076 4.783299 4.135685 0.676532 1.577007 7.883070 7.386123 8.754763 3.128364 9.374415 7.276974 1.576692 1.318755 3.171089 8.634627 3.013451 8.123002 3.177505 4.700055 7.498297 0.184192 4.464873 4.798217 3.644774 7.297777 3.083887 1.264068 5.136530 9.910468 5.903699 1.543173 9.387560 6.043117 0.360796 6.731328 2.274753 6.336122 7.170079 8.097769 7.709213 2.221025 7.732440 5.854514 4.127637 5.511827 9.248404 6.872536 6.454492
8.522624 7.771591 6.232870 8.644802 8.345941 7.774300 7.503200 0.749851 7.852438 7.917883 6.258902 4.025876 4.043557 8.190283 3.952073 5.279853 6.939612 2.616530 7.554590 0.605443 1.787566 2.452726 5.115531 2.243782 0.800878 8.209636 542.984279 8.858348 4.891995 9.953087 3.157258 5.382753 7.160605 1.911150 1.996857 5.765283 8.466595 0.199372 3.898040 4.550600 8.447373 4.780152 1.342056 2.862462 8.473884 5.593087 4.781527 5.103692 6.779164 5.693034 4.789894 9.301217 7.458270 8.477420 4.144663 8.801681 2.130818 4.777167 0.284419 3.932386 9.202515 5.330794 2.449462 6.994767 8.498617 8.447070 2.951342 1.628090 8.244220 5.048924 3.567427 3.259934 8.898396 7.163701 0.313563 7.254400 4.808790 2.319078 0.288008 3.722902 3.002442 8.764520 6.399930 2.733871 0.663128 1.955977 4.491866 8.125545 2.960914 3.101440 5.828728 7.050485 1.823721 8.752149 9.016413 9.900726 8.220620 6.135605 8.019952 3.748149
7.140698 5.576406 6.200956 2.433656 5.002375 1.568360 3.087302 3.525801 6.392357 2.340991 4.878130 4.845567 9.597510 8.759245 6.942327 8.965372 9.076868 6.960053 3.095758 5.605417 8.278600 5.842906 9.476991 4.194170 5.931352 4.322408 0.637678 499.596944 1.132076 0.063382 3.501360 2.045534 1.126544 2.876934 4.359340 2.978939 6.993931 6.721397 1.536318 2.658728 0.506338 8.585828 8.804264 2.082406 2.777886 3.837073 5.076088 5.518319 9.176006 4.519579 8.999821 2.856763 5.157962 0.462681 6.294181 3.034932 7.735603 0.499153 6.642784 5.146393 9.523447 7.967626 7.367983 7.509941 6.752488 8.115817 1.369148 2.803084 3.877156 8.695696 0.785398 4.029378 6.719031 7.554742 3.430050 8.988525 7.451502 5.885221 3.417172 2.717535 3.363129 4.098959 1.614469 6.607410 8.093665 0.849595 1.649568 5.078420 9.906250 1.066409 6.992295 2.404727 3.952373 1.532105 8.006443 1.336459 8.848714 7.627341 9.692805 6.926583
3.457750 4.095168 3.860910 2.526508 1.723066 2.737178 2.483394 0.840455 7.900041 1.937904 6.914687 4.027084 0.886892 4.919119 2.583032 9.336304 5.168836 8.231751 0.563939 3.742475 0.787476 8.678786 2.313746 1.688230 3.990586 7.309691 2.033052 9.970461 458.229835 6.835685 2.642417 6.939187 7.624752 2.320714 0.607528 7.063706 7.118628 3.002886 6.517152 1.749077 5.801485 5.492658 0.305318 1.186278 6.749694 5.553804 1.406012 7.151125 6.583154 8.028217 3.792426 3.176235 6.062191 7.373509 3.619623 4.811746 0.351764 9.283251 6.289920 9.464242 2.278690 5.434817 1.202657 3.952302 4.893513 2.616631 2.988301 4.203257 6.791673 6.565240 4.022209 0.709169 0.975763 5.686158 6.107057 5.056415 8.477084 0.779450 8.486916 1.710390 8.571883 4.099232 8.242395 1.935288 3.819821 9.499033 4.280336 8.838510 0.578341 4.838085 1.458835 7.793183 6.319908 6.820463 5.686852 3.352141 1.859755 0.569418 7.266373 4.475675
4.966854 4.058802 5.837448 3.182521 7.480986 9.972286 9.837694 7.551620 8.433157 4.131349 2.103584 9.866906 3.178056 8.994513 9.767377 5.274506 3.159150 4.852763 7.794708 0.608071 4.658753 1.546113 3.626029 4.091236 7.473224 7.236348 5.748086 0.784551 9.022759 542.957813 8.249735 3.153229 9.734408 4.713279 4.404230 0.703050 8.082599 8.078755 1.870047 4.349777 8.329907 6.927516 8.999949 1.849265 0.733336 1.043386 4.719276 0.033933 4.638546 2.764252 6.797598 9.978362 8.102289 5.262797 7.267128 5.604675 1.611361 7.407585 9.353790 0.033723 9.372571 2.719904 4.018747 2.007925 1.693714 9.122661 2.498366 3.677669 9.717184 1.067287 1.503864 1.422163 5.960199 8.716564 7.866281 3.365172 2.828599 6.551620 6.394082 9.048633 3.122892 8.974444 1.584729 8.588107 0.543318 5.292675 8.379053 4.616698 9.110029 5.719653 8.983287 6.769039 7.506292 3.250795 4.755535 0.789156 8.168503 8.823786 4.031499 9.292977
7.960119 6.922152 4.862134 1.094001 9.889845 6.405033 9.809194 9.431067 1.695310 6.010427 2.556894 5.382489 1.559778 8.431533 8.727597 9.258059 9.312653 9.072467 1.647969 7.150539 5.878456 8.308821 3.821200 5.959651 9.631566 9.402212 8.725505 1.366865 4.512542 8.624013 563.847043 0.436314 3.377795 9.657181 6.346758 3.360514 8.701217 5.906618 7.053104 1.079990 6.170866 4.329434 7.119687 5.652774 9.206222 0.112594 9.606568 4.974176 0.688753 8.660648 9.526538 9.147370 2.559317 8.734211 2.926494 9.990041 7.783509 5.850332 6.394632 9.295007 1.381481 8.139298 0.601961 1.862014 2.000525 2.728972 9.043724 9.010506 3.259576 1.701233 7.098090 8.118911 3.830212 7.606314 8.691120 4.850882 1.245105 2.722944 9.409413 3.418871 6.330415 4.398752 2.418913 8.706652 7.595690 7.562986 4.647992 1.424957 0.035984 0.295713 9.854602 3.644671 3.121558 0.934019 0.503691 5.217400 5.729437 3.330500 7.756707 8.687569
1.091186 2.722484 5.426362 8.679167 8.580580 6.346655 5.734226 0.521008 3.469998 9.588342 7.489860 5.734591 0.231780 0.699402 7.755976 6.119015 7.381922 2.567318 5.061977 6.748633 4.149840 6.079091 4.504702 7.485547 8.627573 8.695859 4.664111 8.572573 2.265710 3.083581 8.458269 537.424574 7.935123 3.122578 9.254271 9.218627 6.123809 9.944246 1.045028 7.944670 7.533940 7.337768 6.957471 8.662692 7.058663 4.232577 4.600926 5.641930 1.470886 0.555841 1.781422 0.718548 3.755691 9.507326 6.915529 7.463648 7.099865 2.443243 5.860132 3.044382 0.529550 7.778386 4.220730 1.309990 3.770224 9.313233 6.487117 2.515327 9.691759 1.507338 7.654570 8.079852 2.239041 9.065107 8.396987 1.323349 8.386728 9.999941 0.890877 0.031214 2.781592 4.025774 0.007391 9.525647 2.401641 2.311218 7.784867 8.047712 9.075932 2.219502 8.145062 9.445647 2.873455 0.784011 3.867541 4.636562 0.494024 4.124263 9.270236 8.436695
2.743954 6.175029 8.386070 7.327147 6.551879 5.656519 8.618512 6.146329 4.519292 6.163528 9.646475 0.729102 6.009849 7.215121 6.145413 3.939464 5.676089 6.066523 6.347912 1.318821 4.705754 8.358349 0.855616 5.922723 2.106380 7.902726 7.655919 5.062653 6.281812 2.071274 9.737756 5.887712 507.005405 3.584587 2.379247 6.940723 6.417290 6.653098 1.288465 4.209126 8.349465 9.103513 7.006097 3.479528 8.805970 2.850934 3.727346 6.370230 1.579467 1.581930 2.300419 3.414466 7.685620 7.725900 8.367973 8.121251 5.734202 7.290855 3.230807 0.633667 0.164885 7.410220 8.149014 4.904293 0.554301 0.277600 8.507980 5.752745 1.175773 8.196543 9.035681 5.580612 4.817586 3.087576 5.421245 0.170276 6.034134 3.397097 6.687780 0.124550 1.793831 7.801827 2.612038 3.818024 8.661961 3.730173 7.895643 4.676447 7.585734 2.417555 0.457700 4.332877 0.002745 0.574041 3.321818 5.025249 3.625594 7.901145 0.222730 9.337036
7.879735 4.920129 5.238804 2.211590 1.994179 8.072037 9.081068 8.907991 3.103688 0.419183 8.299916 0.897266 0.692411 7.507855 2.844904 5.627519 4.153777 4.033362 2.855224 9.092926 7.341745 2.189794 4.228755 4.506005 2.865329 8.899064 3.223376 4.820408 0.497563 4.854843 9.131038 6.520198 4.779274 491.749445 2.437182 6.792384 3.549682 4.952311 9.321819 6.017577 8.453046 1.402773 2.946329 4.024653 3.736380 0.994423 2.573707 3.229576 2.291909 9.443306 9.520397 5.128093 3.552643 9.148580 6.264046 3.254466 9.242239 2.196492 1.849497 6.180168 1.556418 2.642971 9.954059 1.788883 7.155386 7.701485 1.644900 0.062389 9.318028 2.911859 1.303500 0.442111 2.895652 6.007477 5.142206 5.471949 0.094080 8.792631 4.381517 6.815663 9.289918 8.176696 3.680403 3.574392 8.362212 3.338731 1.361599 7.676593 1.934615 9.548140 9.585933 3.969169 6.133185 3.856057 5.858746 6.872445 3.896453 2.335062 2.389777 5.595817
5.173166 1.341281 5.298908 6.435151 6.643025 6.428941 4.589479 0.568828 3.867667 9.536967 7.975190 4.570088 0.958168 6.907322 4.887530 9.995881 5.002657 9.362901 0.272636 6.338841 5.676892 4.308378 3.315761 3.542294 6.526089 9.345910 9.093024 8.700701 3.350385 6.651420 2.716728 2.582016 4.312955 2.809290 497.213273 6.865472 1.485153 2.413874 8.535780 7.982323 4.404768 2.908758 2.271700 2.695478 8.227472 3.407802 4.332198 5.076130 8.012646 9.107443 1.658370 7.176744 3.059914 0.973916 9.211764 2.281329 9.186803 8.343181 9.759680 0.729390 5.156054 7.200807 5.814942 6.374240 9.516918 0.013910 1.562041 3.098570 2.895806 0.176545 2.123122 8.998386 0.753830 2.274210 4.736366 6.952948 0.301485 4.670599 4.293758 2.734579 6.497774 9.198171 5.049107 5.306635 8.142155 3.682605 1.034725 2.121400 7.150544 4.137434 4.197281 4.850590 3.208680 1.528507 2.632162 8.399899 7.523983 6.389915 0.556570 9.050019
5.203302 5.498209 4.705190 7.153953 5.119157 5.385523 3.364689 8.389745 7.239325 6.824356 2.929323 8.098839 5.978515 0.797531 6.100761 9.153565 3.229647 3.479313 4.160961 5.384498 6.170401 7.221923 8.556366 1.779375 8.829588 0.208037 5.785188 9.500350 5.411942 1.751389 2.927364 0.575364 9.823374 3.158350 8.511429 508.386246 8.072375 6.476263 4.816515 0.468779 9.842703 8.813969 4.101942 9.259589 1.055908 2.235507 7.230931 1.872302 8.734428 1.283299 8.507775 4.293300 4.897215 8.503886 4.250224 4.021963 8.874119 3.190681 8.327123 0.956900 2.147987 4.734027 1.689352 2.250118 4.069854 6.781415 0.364908 6.516922 8.166387 6.955222 3.394153 0.264728 7.172856 5.648393 2.641263 7.389168 6.081070 6.140896 8.262075 4.452113 4.923108 1.039393 3.551175 1.517238 3.495746 0.229387 8.967301 8.984403 4.726935 9.584033 1.297594 2.694437 3.385960 6.953095 7.492823 6.221966 5.871880 7.762750 3.579029 0.953370
0.374769 4.637416 3.226299 7.263739 2.106922 2.921694 3.810048 3.941711 3.953002 5.570356 6.988812 9.920366 3.459044 1.600876 9.317774 0.360868 9.744374 6.843218 1.379966 2.192729 2.525670 4.663568 6.338824 1.162531 4.158672 7.937780 6.247118 0.446194 8.117833 4.471740 9.375706 9.740132 0.052174 5.484853 2.966063 1.782594 469.361388 0.188726 4.513654 2.082082 0.355215 1.211884 9.488979 8.600903 2.521347 5.827313 5.564491 9.443755 5.295271 9.455225 4.745211 3.699304 3.269269 5.761337 4.848533 8.685512 5.665849 8.444021 3.147119 1.347347 7.511006 7.686453 8.712188 0.158591 6.141241 7.365827 3.268490 2.170474 1.886519 1.909359 2.083763 4.686208 5.267356 2.196307 0.074364 3.533809 2.847069 0.515977 5.092881 6.135945 1.784446 2.020522 8.724850 2.815892 2.567491 6.944626 3.274921 5.603454 1.296234 9.828670 9.413829 6.038399 6.239182 7.154546 6.982954 8.031645 6.678095 5.388168 4.039658 2.249252
6.890432 5.304357 9.257949 8.568027 2.293327 8.316626 7.691424 5.058532 5.079930 2.167778 2.415748 4.671806 4.345774 1.114158 2.815816 7.803209 5.824047 9.833122 3.862261 9.521870 4.015545 3.119768 6.440613 5.484123 1.889624 9.349766 8.495602 6.154661 4.191930 0.768399 5.757781 5.792656 1.932213 0.804441 7.676555 8.957109 3.849004 524.368785 7.520468 3.131848 7.826466 8.914487 4.160557 6.846186 2.912621 5.713646 5.027016 4.518488 9.078913 3.361631 8.319274 0.042548 9.026100 0.223002 0.343571 9.704417 1.663283 3.227339 5.337464 4.123840 2.420638 5.358728 3.955213 8.909608 3.043722 9.678722 4.510813 8.773769 8.792153 8.844245 6.086083 5.216663 2.574188 5.247201 8.643454 3.585818 6.450693 3.262376 4.009156 9.273208 3.201789 5.232245 1.428248 2.692428 6.354116 7.040262 4.476889 4.096176 6.139885 0.873471 7.351440 1.059659 3.731168 9.629690 1.913446 3.792377 0.077794 2.474581 8.697192 8.976982
4.562877 5.037842 3.556857 7.654800 2.083680 5.005814 0.679068 2.544759 2.868306 5.261481 6.665378 5.012948 2.274229 9.501457 9.299257 0.185429 2.781109 3.770205 5.773528 4.309093 6.082038 7.640518 4.152229 2.020414 9.383100 7.183393 3.440297 7.567503 6.163880 8.393397 8.674981 7.349887 9.352362 8.071859 0.056030 4.961576 8.167143 5.522284 528.690006 5.268396 8.844467 9.847149 9.495481 6.665887 5.558999 2.383900 7.532453 0.868290 6.558470 8.459698 3.053381 3.867167 9.766934 5.919162 0.936676 2.548787 8.812519 4.041323 8.308489 1.900709 6.539063 9.139145 4.373935 1.342838 0.665355 3.081584 4.639799 3.366788 4.966784 6.643886 3.085582 3.949961 0.283107 8.377830 9.804158 4.231477 2.663255 7.831199 0.574431 5.306080 1.548768 8.818888 4.704936 5.560470 4.969018 5.746548 9.513315 9.975363 4.763873 3.368137 2.981468 7.909717 7.888493 3.235446 2.393255 3.497012 0.988785 6.772874 8.677915 0.746742
1.539822 3.359302 1.845240 6.638752 3.408777 1.407781 1.923154 3.427663 6.981360 4.059407 9.912525 1.371372 0.395821 4.087279 4.371852 1.338060 0.152257 8.692293 3.308081 3.577132 3.351072 7.687159 7.402836 8.341887 0.757439 1.023306 0.926681 9.991798 4.945791 3.858903 3.884480 0.298969 0.619850 4.163238 6.258053 3.510406 6.608479 8.800772 3.906116 511.687867 9.300776 8.222797 2.752798 2.414889 6.850625 8.931346 4.219150 0.808032 1.773722 4.886463 7.734673 9.249510 5.056732 4.826309 6.833695 1.542079 5.145364 7.800659 8.864771 9.687854 1.471924 2.378875 0.036280 6.149944 9.912354 3.932819 6.759833 8.247172 9.657547 9.467568 2.094314 7.902542 3.541438 9.188793 5.748431 9.017357 8.362688 1.919449 4.165702 8.135376 3.893396 6.606391 9.027029 7.697991 6.134943 8.085128 4.262817 6.282870 5.921013 9.268725 5.366803 1.286299 9.758333 7.021833 0.362395 0.668879 5.422648 1.542832 9.163829 0.728156
5.732923 9.208044 6.243924 6.787885 3.908219 1.480426 6.788738 5.479383 0.368242 0.910644 9.246316 9.035821 4.528209 7.435579 7.766277 5.805261 7.479645 8.317223 5.359979 9.863249 4.302683 4.866845 3.072865 1.438848 1.888908 6.618505 7.502825 3.497795 8.291642 3.955895 0.628164 1.644481 2.466269 6.407536 4.534295 5.456399 9.547019 1.450221 1.393836 9.049192 484.050244 4.680305 3.539069 2.528769 1.332000 1.911398 5.210575 4.040964 6.265716 2.406286 7.321194 8.535657 6.871944 5.979757 0.119792 2.149685 2.443842 5.989952 0.772732 9.473644 4.508534 5.404525 9.466703 0.079279 4.595200 8.189669 4.423069 3.035549 3.733023 0.541406 8.579206 3.128916 1.948525 8.075357 2.755335 2.115852 1.503933 0.885500 7.274914 4.988483 4.386374 9.604932 7.837612 9.214115 8.237972 0.581978 5.606438 7.157045 0.492735 3.581501 6.368123 5.467949 1.401089 5.707293 4.419097 6.832913 4.728650 6.273132 4.065607 2.722473
3.054701 4.161582 6.760946 2.131738 2.276761 5.590678 1.332267 6.668378 6.599727 7.632742 0.366751 1.196454 2.768581 3.614392 5.416858 1.874734 0.304438 7.565835 0.201502 4.450185 5.593761 4.388313 8.735269 6.235260 8.417341 3.572246 4.198727 9.110520 2.708503 0.190507 5.073850 6.152514 4.283914 7.847487 9.356085 4.160624 4.921436 3.934883 5.680419 8.503384 0.328583 460.066287 1.693977 6.242741 0.564362 0.699466 8.806952 3.027837 3.298031 4.351800 3.343062 0.383883 6.454291 2.427886 6.872156 9.524321 1.408579 0.740541 6.880029 6.804509 4.126167 2.377063 4.516653 0.322266 8.777718 4.610113 7.370481 2.520335 9.898535 3.229043 7.563444 6.021345 2.625628 0.097153 2.576050 0.955325 3.065056 3.492943 5.158316 0.046043 9.137933 6.044692 7.841887 3.542835 8.131874 3.627475 4.401815 1.124569 9.604945 4.897324 3.129637 8.416523 1.178542 7.853890 2.677670 2.279293 6.370835 0.358337 9.406271 8.102522
2.879470 7.200197 1.161543 9.753875 6.377614 6.283688 8.713197 8.089601 3.205115 8.193483 2.550728 1.610234 2.262302 9.179205 1.636630 2.585690 1.810919 2.371670 1.113265 6.799705 3.543595 0.553335 0.056434 3.090006 7.934319 9.929916 1.898683 4.698337 4.492841 5.677700 3.085747 7.591522 5.098163 7.540133 5.048902 4.995271 8.256329 7.326135 0.051800 5.687235 8.707527 2.077218 515.552303 4.736322 6.603061 5.282886 7.918809 1.225244 4.076696 8.977576 9.151780 1.932211 4.832424 0.501303 8.332245 6.200130 4.633936 1.942696 9.632947 7.243606 0.181387 5.737983 6.766374 8.369479 8.912713 3.172015 7.919843 6.579936 3.984052 7.409671 2.865139 2.186311 9.461148 1.326445 8.546543 7.062023 3.166170 2.588388 6.612870 7.636113 8.375743 7.847062 2.552007 7.954649 6.727770 2.579453 9.289765 0.979606 5.983758 3.615466 5.184548 7.102922 3.938474 5.527175 4.451811 4.405741 6.462434 9.535178 2.729108 0.739588
2.564683 9.262011 9.725761 5.126101 7.247606 0.544949 0.176091 8.867755 5.357932 9.806743 4.676782 2.698756 5.501478 2.210869 8.029311 6.869737 8.218814 7.006523 8.592706 7.739354 7.805730 3.736986 5.680124 5.727860 4.378251 0.169028 7.552119 0.972049 4.272672 1.896493 4.313427 0.912713 1.943136 6.629853 6.696226 9.608417 3.554451 3.827917 7.383749 3.854939 8.709251 5.594077 9.069491 531.416959 7.619336 0.828486 4.045107 9.651432 3.578931 7.854821 2.835933 2.488638 4.841868 2.657528 4.788702 0.566196 6.189539 8.456684 4.353286 8.927806 4.683112 5.175225 9.647032 5.166372 9.503658 7.523048 8.661318 9.889310 2.250816 5.599377 0.853926 5.135043 1.248169 1.083985 1.361436 2.324625 8.746879 0.382607 7.341121 3.805005 6.268570 6.135215 7.439460 5.125582 3.453604 4.597546 1.479476 5.291162 9.863955 2.137158 5.115887 7.367818 0.313741 8.909043 4.227853 2.403137 9.925450 3.855745 4.887941 8.650915
3.173446 3.224550 7.287572 9.847870 0.081829 4.736926 2.047945 1.987746 9.006500 6.057459 3.992185 3.780627 6.635736 9.743241 6.498329 4.773214 8.007914 7.520855 0.994151 4.052704 6.018678 9.020385 6.618128 1.199779 3.673099 6.214280 1.503839 3.964236 6.058540 6.547913 4.551558 6.948491 2.791828 7.145809 6.096865 6.094311 7.852194 7.009657 2.749038 3.343501 8.982410 6.193120 6.905629 3.528264 504.107710 8.508014 3.176544 6.655606 2.190133 4.888472 3.505423 8.991610 6.299184 5.287981 4.832093 0.602518 3.555539 1.426261 4.203221 9.595769 9.493138 3.613764 2.010033 1.013224 5.059252 1.224798 7.841671 2.582818 2.783177 3.199237 0.195807 1.353423 1.164523 4.555920 5.391786 3.452436 2.417904 2.698831 4.893611 3.901286 0.877014 4.373047 0.809570 9.709140 4.575684 3.441029 6.683180 5.722929 3.656578 9.712530 9.045105 2.901211 7.795363 3.718443 6.951154 5.524231 7.549766 5.519394 4.993306 8.382859
3.590560 4.795651 8.729455 9.171939 6.448464 8.218348 0.554181 9.152672 6.118234 1.210598 0.816247 6.158588 1.009391 5.496019 5.364383 6.960979 0.829886 4.631016 4.573529 8.152507 5.780643 9.908942 8.734155 0.850769 7.457547 7.299532 6.898565 5.152048 8.615503 1.882958 4.839630 1.789976 0.673683 6.908396 3.943406 4.189623 0.875599 4.755564 7.755796 0.531337 6.875561 0.637876 7.401510 9.119674 8.107013 521.806105 2.870690 9.408077 7.605838 7.057014 0.938831 4.372928 3.432937 9.309889 2.378948 5.460664 7.385050 0.394339 4.593881 5.104405 6.843116 4.134146 3.700953 8.707602 2.546862 9.555602 4.835960 9.893070 5.095462 9.104827 6.927947 7.532654 6.586511 4.030486 7.768833 6.549669 1.518451 6.502991 1.507995 3.080074 5.259852 9.805574 3.344465 3.420822 4.485858 5.325994 0.885229 6.462803 8.547761 3.115147 4.467812 6.866465 6.791759 0.392826 5.780047 5.210550 6.381210 1.042283 6.214153 5.034786
6.280890 9.749704 0.268465 0.207347 9.025673 8.084522 2.904034 4.037847 8.412897 1.326439 6.732577 2.214228 7.700686 4.200978 0.279037 7.510093 4.798738 0.643444 0.153610 0.844003 1.032780 9.002969 4.194513 2.629029 5.751972 9.278907 3.870673 3.927315 9.962850 9.660065 4.590577 3.687261 6.342273 1.922730 2.651053 2.849328 9.902463 5.953142 1.979698 0.996546 3.880844 0.323037 8.295118 7.104588 6.916958 0.846748 502.297769 5.233244 3.837167 8.929391 5.486440 9.814910 0.707715 2.188300 3.393796 4.201119 1.307274 9.239619 9.920454 0.274518 4.194508 3.836238 4.875743 0.714080 1.140655 8.123215 7.993655 8.035790 5.934846 3.247394 3.741902 4.718652 0.359249 9.482789 8.250806 3.816136 7.611521 6.649414 1.989908 2.257783 1.502358 7.376627 9.789332 3.679963 2.721473 7.287585 3.399819 7.858349 4.732338 7.028022 8.596805 5.221349 6.208976 7.488335 7.132623 4.006112 9.222306 0.924209 7.212394 7.560801
6.624536 4.024014 3.278777 7.500973 0.631206 2.926161 3.800588 2.088335 4.184441 7.772050 4.587283 4.019694 6.004531 0.682871 4.353148 0.451511 1.118771 6.695740 2.947076 5.756419 0.096758 0.109061 3.402834 9.135015 1.731426 9.069630 6.091705 1.295774 3.711827 9.485600 5.002033 0.865241 1.824310 0.563401 2.295273 8.183547 6.431336 5.619400 1.756217 9.730233 7.381888 1.062138 2.958939 8.096469 3.918510 5.480559 6.409847 465.738485 4.616901 5.741476 0.991994 9.619039 7.037256 0.097194 7.682412 8.809594 4.308881 0.914611 3.595506 7.250670 9.824010 1.340767 4.442367 6.727432 2.546965 0.101887 7.765317 0.270224 6.946340 5.070883 5.869353 1.036997 8.970040 6.296337 0.921941 1.924403 1.710394 5.728953 1.627249 2.481173 9.959234 1.726131 5.501790 5.507239 9.442246 3.307941 7.933854 0.905389 4.287221 5.199432 9.460867 3.055241 5.785964 7.656092 6.996253 5.769404 9.482544 1.196561 5.901822 7.545179
3.494790 1.610536 0.555753 5.729514 3.392576 3.550520 2.065435 4.315956 8.156974 6.271571 4.539011 0.500639 2.747662 5.950251 7.673774 3.675933 7.192353 1.747135 8.002759 5.864009 7.359481 7.676269 4.270564 2.695002 3.370419 0.568999 5.862732 4.501164 7.866332 9.346831 0.224958 6.485283 0.688653 3.094256 9.629554 2.995898 4.338499 6.134101 6.142797 2.491459 1.581979 8.562263 3.540380 0.073323 0.368523 6.495205 0.324165 8.578227 475.398705 5.123906 3.851410 1.306372 7.543068 6.080102 4.769357 1.492877 5.298483 4.919663 3.749063 7.587793 3.503710 3.010248 6.945355 7.005641 2.584291 4.677560 7.386091 0.414950 9.617005 0.572963 1.771463 2.159053 9.834320 3.197163 8.210449 7.914370 5.377642 5.836512 1.948143 7.017688 0.955587 8.915888 7.089993 3.711471 5.676435 9.061386 5.142282 7.245104 9.641243 3.524420 4.117776 8.686706 1.522521 5.834861 1.842756 1.980223 4.626769 7.955464 1.746912 5.097812
8.252598 7.938560 0.405332 1.016300 8.434256 3.406626 9.787536 2.854882 2.958095 9.717487 0.842014 3.325268 3.851358 4.610866 9.168676 8.403891 6.854580 4.287664 9.569891 9.685433 5.854361 7.424170 0.545976 1.082321 2.409605 4.144438 8.405133 3.425332 7.210525 4.424756 6.602135 9.381369 4.047922 6.240853 3.339717 3.433683 6.799389 7.494799 3.574230 8.345242 4.812383 4.774257 6.298197 1.246150 0.876523 9.296694 4.122945 3.474469 2.158819 535.151927 1.145864 7.961075 3.346996 8.526820 8.070905 7.511988 3.937059 4.543558 0.827719 4.035381 6.939252 2.751064 4.999413 3.114452 9.305730 5.776332 6.260865 1.329046 8.489054 1.144934 7.933648 8.673191 8.348110 5.612254 9.251264 7.750293 6.892678 1.717635 7.512842 9.714882 9.152318 7.551322 0.978044 6.737939 8.684277 7.333506 3.564157 6.278403 4.013300 4.702190 5.916686 0.439444 8.068584 2.507009 6.872638 2.802279 3.605182 0.287556 4.054551 8.208303
2.799998 4.241009 8.944733 6.804378 7.884133 2.809657 9.603118 5.619123 0.373384 7.612065 9.208245 9.463829 8.895206 3.351440 6.516270 9.819617 1.203808 3.213116 4.607174 7.460278 0.578778 3.055563 3.427092 2.431212 7.980952 6.116686 5.760398 6.953205 0.237462 6.821902 6.259010 1.285245 1.916732 9.894201 1.788884 1.782169 2.402412 6.796561 9.736430 8.138511 2.425358 8.516290 0.720244 9.502541 6.007920 1.094122 7.412752 8.894278 4.154800 9.418907 511.025005 7.803001 9.924169 4.025330 2.134727 2.709901 4.066838 0.090307 4.043148 7.952354 0.174523 1.977548 4.395414 9.219419 8.162408 4.809136 1.361873 3.908093 9.212983 6.323118 9.254944 2.633202 0.837453 2.902433 9.752283 9.487058 9.469874 2.667603 6.084852 9.379023 5.034761 8.855402 7.312233 2.978763 1.034216 4.098881 2.892145 1.577135 1.203475 4.070534 4.057006 0.618252 3.992940 3.995176 1.564769 2.015391 1.943750 4.901545 5.413903 8.486079
0.160739 3.920273 4.898973 0.017949 7.612226 1.701453 4.703148 7.438911 5.907880 5.253040 0.499615 1.404779 7.465666 0.766528 3.951070 7.902711 6.585979 1.844945 1.763340 5.612608 9.379881 8.136450 3.747356 8.667654 0.664930 4.265648 1.555501 8.354150 8.296709 8.110565 3.534410 5.340027 1.366022 8.973597 2.022657 0.005246 3.144156 3.729967 3.438703 8.348785 1.230730 5.425262 8.554033 5.260906 3.007163 1.268700 0.735619 6.895194 6.934471 8.832652 2.173732 457.118163 3.314991 3.463169 7.525345 2.085158 9.883174 4.198659 3.806808 2.449521 2.889127 1.172963 5.112778 8.507588 3.307201 5.502092 6.282251 2.816572 4.350564 3.132502 7.236035 5.297313 0.178542 1.931809 4.131440 5.212280 1.863854 6.937502 8.196790 9.761541 9.097258 2.155921 2.529711 0.095555 9.650456 0.357812 3.418619 9.089369 5.155459 5.008312 0.043512 3.184058 8.322190 7.951360 0.346501 0.789557 4.267348 3.455351 6.614899 2.396898
4.881577 6.405061 1.886573 1.579061 8.827882 2.064979 3.056324 0.182555 0.002704 2.970235 5.295663 7.153576 7.909054 1.871303 2.756163 3.066033 6.779197 8.004777 2.629169 8.021462 9.206955 1.634011 3.217461 5.865418 6.518560 0.229899 4.595778 9.858825 3.931977 6.006358 5.736833 0.442617 3.925011 1.275405 5.542327 0.160294 7.623256 6.141678 5.229745 5.914019 6.843624 1.109935 0.292659 4.630702 3.797124 6.013627 1.300620 4.104736 1.449349 8.297820 0.013950 2.255160 450.403235 7.619092 2.686932 1.281555 8.891631 1.208246 3.852838 2.598537 9.371123 3.615749 8.719830 8.908604 5.624983 1.347146 5.929363 8.076948 3.754794 9.104559 5.226503 2.705147 0.298659 7.108972 5.919902 3.524610 2.879557 9.203625 0.295448 1.087334 2.443673 0.130661 3.330041 0.967967 3.550759 3.915832 4.758572 5.533583 2.870294 8.414074 1.956536 6.617714 4.998191 9.928120 8.933974 7.540725 4.724325 2.644511 2.552561 1.763337
4.414420 0.874662 5.084923 8.992294 6.457530 3.523729 0.454700 8.922737 3.218047 2.047364 1.259324 4.549277 5.388443 1.841566 7.997849 5.383140 4.427763 6.194883 2.223819 2.342979 4.359843 9.164880 2.733427 5.217864 8.585788 4.154756 3.025501 1.360682 8.712224 3.529782 2.981701 1.869896 5.352630 9.458072 8.810675 0.915757 1.144828 0.757213 5.819543 4.585140 8.394698 9.049941 8.798431 3.740181 1.815139 9.017661 7.435879 2.006916 9.013047 0.765468 2.913590 8.307630 0.456119 521.460207 8.855265 9.067795 1.922160 3.758028 6.315209 8.710390 4.593158 5.426159 0.056223 8.330806 8.001510 1.216404 7.394920 7.506529 7.852403 1.409934 8.992734 4.578661 9.108270 3.973043 3.881673 2.063316 3.328383 6.261747 0.240176 0.085236 4.904265 2.629031 6.277009 9.778437 5.692538 7.463743 5.302191 9.513768 7.456390 8.718515 8.918629 4.854720 4.029055 1.147993 9.610674 5.678696 6.789735 6.855056 3.809394 2.875537
5.488377 6.233634 2.414006 5.282422 0.999700 4.728986 8.216041 1.520439 7.818851 2.376126 3.688901 5.100418 6.026878 7.203447 9.086340 5.800269 0.906825 5.980702 5.979945 3.237017 3.633620 1.072704 6.404396 0.800929 9.003438 2.439502 9.013941 3.882065 8.358169 1.827703 5.904344 9.801796 8.542848 6.836462 6.251250 8.827032 9.903965 6.903515 7.588093 4.947249 4.822012 3.252621 7.894996 3.519338 3.644332 5.572027 6.682558 9.202526 7.460352 4.947605 8.122277 1.130906 5.386325 7.090624 539.459196 3.414774 1.040281 3.452042 8.965288 3.845182 7.967844 3.163010 1.068553 4.553879 9.586372 9.531961 6.362869 4.492384 9.213836 8.958213 7.525768 5.486701 6.528660 4.293381 2.605645 6.646055 4.178485 3.505361 8.501997 5.248734 2.980296 5.516979 2.139212 7.530180 8.599291 6.298006 2.059073 3.955039 4.050724 7.961128 6.362788 1.482522 8.303709 0.356485 1.219981 4.373804 7.312971 4.921186 5.231199 6.848734
2.907289 2.644595 3.526411 3.069131 5.742183 9.497975 6.248760 0.333001 9.154106 8.555891 3.926777 1.229079 6.608511 2.670223 9.190083 2.040666 8.592140 5.315646 0.945704 3.482179 1.094395 0.851508 7.269476 4.364146 6.902832 9.040698 7.931375 2.173644 8.351241 3.769267 1.086381 5.730861 1.720457 0.421141 6.209721 8.653640 3.357342 4.454137 0.868917 7.457683 5.201948 2.693728 8.408731 1.247111 3.269729 9.927519 8.893053 9.321400 5.711452 0.509327 8.876804 4.754871 0.653545 7.319366 3.156116 513.098624 9.090679 7.273646 5.821542 1.979375 3.891601 6.620366 0.615588 6.010186 1.679814 5.624440 9.624273 3.099031 4.413067 8.538017 4.381132 1.641832 7.141236 4.673242 9.983993 5.276658 6.124027 1.840636 1.905695 4.900527 5.424795 6.946823 9.739647 7.804675 0.323647 3.319459 9.640468 0.422807 6.729017 7.749762 6.889476 5.413407 2.905894 3.148046 8.651878 5.508080 8.696564 0.718104 9.423764 0.176147
4.212245 8.072746 3.955455 8.288448 2.724729 5.540362 7.446569 0.628482 7.097478 0.214113 1.312424 7.269129 0.396394 2.162931 2.604674 8.334229 0.807259 0.467261 5.307011 4.430113 8.556695 0.318540 4.218929 0.221461 5.662833 1.927208 7.404195 0.710580 9.591061 5.039162 8.274532 3.523170 7.365009 1.505093 7.955627 1.742326 7.691031 2.695771 1.469809 5.944348 7.054025 0.223909 0.089635 2.714792 4.381331 5.186743 8.094586 9.486966 2.150516 0.730042 7.772667 7.186642 3.293847 3.347967 0.789633 2.041847 448.519514 6.577994 9.109799 7.436971 8.051090 2.553502 0.312590 3.523934 8.275928 6.077480 1.340101 7.731184 3.946673 5.051375 5.949260 0.651823 8.571998 9.153238 1.885898 3.405926 4.725214 9.085616 0.846131 7.851374 4.640974 3.227430 0.279266 5.912411 2.157593 6.725548 3.068368 2.484155 0.127420 3.615017 5.065066 3.237054 9.235418 5.720241 9.334884 0.137852 2.452962 5.105608 9.977863 2.176839
7.867503 0.698117 0.705445 1.722471 4.117373 5.492311 2.517897 2.757197 1.749025 8.479511 9.666931 3.559790 4.091111 1.411807 2.302139 7.051497 6.228856 7.277458 6.881738 2.701520 2.332792 6.369529 4.699879 6.337930 5.581398 4.397885 9.621042 5.837408 8.868037 0.639916 8.643039 3.623876 5.020741 6.896532 4.433941 2.472015 6.798673 5.080987 5.505654 2.840394 0.205552 3.031963 7.713356 9.829768 4.028814 4.978477 9.579455 4.820385 9.018294 6.240380 6.949094 6.104535 1.105760 6.168874 9.130669 8.984245 6.703715 539.618983 7.624638 5.563336 1.420070 4.194156 4.621924 3.949587 5.024498 1.108971 9.722331 9.944704 6.214955 4.516668 3.838968 7.273253 4.152971 6.506725 2.489196 4.136120 3.463043 7.161524 1.467453 6.219016 9.155263 6.838344 6.257695 5.806616 0.623432 8.360371 7.711100 9.284565 5.644953 4.474199 7.798792 7.056556 5.001909 9.864232 8.380916 3.111559 6.326249 4.336933 2.675510 3.379490
8.187305 9.503916 0.924293 8.394474 6.711157 2.717212 0.793279 4.346938 4.088163 6.854845 1.867046 2.930942 2.059696 9.856276 2.038290 6.193326 5.822575 3.458905 8.877757 0.166219 2.029646 8.216961 0.778423 8.361351 9.490867 5.502089 2.767571 8.168701 0.476631 9.905798 8.525199 2.356939 0.423013 7.476841 1.185187 5.268168 1.156587 3.107754 7.328267 5.773034 9.382939 3.493963 9.336241 3.274664 7.409166 3.676967 5.080290 2.701803 0.751757 9.993078 0.529435 6.697432 2.472975 5.351650 0.234146 9.515802 1.759272 7.344765 492.951306 9.826571 4.445501 3.913877 3.931163 2.945641 1.885842 1.218740 8.483982 6.835246 7.833049 1.723917 0.506752 3.482726 6.514813 2.342343 0.345747 6.480820 7.368934 3.850137 1.038509 7.182920 7.980538 8.991111 1.169443 3.600972 8.354113 4.430619 7.294650 5.787653 4.624766 1.556575 3.238444 8.297592 2.929924 6.828851 5.777180 6.859530 2.401707 4.481778 7.086697 6.707335
4.123297 9.353305 4.874679 4.975894 5.505925 6.988287 3.016587 5.709300 7.109916 8.779056 1.360895 3.421014 5.281030 3.433918 7.917238 9.981001 6.068093 6.443494 7.030418 3.622683 1.792698 2.445935 9.540843 0.192368 3.639635 8.948033 3.146676 7.923108 6.458640 0.722696 8.600011 6.262452 1.957048 1.020319 8.346502 3.726405 0.638513 7.936825 6.750051 6.970635 9.237056 6.539420 6.626026 5.435350 1.471838 4.880787 5.289291 2.150626 9.922669 3.384073 3.521767 4.941522 1.942562 7.416472 6.239318 2.662820 7.966183 6.205200 3.435757 519.351907 1.122122 3.476327 9.039059 9.743426 0.512327 5.548833 1.915801 0.387180 6.569474 4.453490 1.116378 1.621453 5.778041 0.930311 1.990467 4.688475 9.512736 2.862706 2.160590 8.476495 4.907127 7.034160 9.337081 5.038465 5.583896 9.661569 6.952481 9.574144 9.817747 6.855356 1.469448 2.697582 9.000369 7.027498 3.096055 0.213222 1.011243 2.777659 8.401561 3.558243
2.711828 8.647212 0.120549 3.292324 6.492767 7.653605 0.189201 9.808699 4.058380 6.671925 3.186419 4.543896 6.959302 2.054939 9.926215 4.583253 2.106488 3.974133 8.853480 1.633143 8.820212 9.092556 6.817175 1.133563 1.847483 8.495953 9.619654 4.258202 1.404688 3.896946 7.620824 8.619051 3.915690 9.039736 8.087538 4.849793 4.465353 1.683201 8.388506 3.137780 6.117720 0.511272 5.838026 5.330206 7.767486 2.995192 5.651524 6.721639 0.608426 5.667749 0.586911 4.771370 2.014434 9.161353 8.310723 8.877950 0.676742 8.741171 9.491425 3.798241 537.988828 8.664795 8.564168 5.529489 3.412763 1.868334 6.630161 6.423930 1.905767 8.090528 1.930795 5.870348 6.107423 7.952909 5.182777 2.590647 1.811869 1.603694 5.403726 4.971826 9.748154 7.372205 3.375414 4.293447 8.915596 1.401510 3.140196 1.423930 8.835211 5.726559 3.970660 9.519472 7.446467 0.491885 8.049901 4.803055 7.799400 9.804441 7.609510 4.652680
2.332905 6.580504 3.164453 4.447991 0.282409 4.397591 9.255846 4.642097 7.742666 0.887084 7.356039 3.927198 4.674506 6.813773 0.977166 3.823472 5.788892 1.185907 9.692386 3.971640 7.334486 2.362848 6.171945 3.371218 6.187484 9.025710 9.364485 7.121835 1.262796 0.120282 9.938201 6.631309 5.805981 3.014472 0.365407 5.277210 1.159206 8.135753 8.713717 7.645608 1.684140 6.060805 8.633807 9.934274 0.779638 4.706485 4.456168 6.447407 5.657434 3.672240 8.521426 7.252988 0.336065 4.469176 6.901287 6.892014 1.595713 9.597632 4.161626 1.301655 3.305390 481.327845 1.854962 1.272368 0.075882 6.734301 7.675493 7.268514 0.440704 3.378956 2.415707 8.408871 0.757195 5.353195 4.623597 8.773570 2.614906 3.643999 5.512555 8.012637 2.683923 0.810892 3.649531 3.602363 0.361792 6.556999 5.166403 1.942689 4.445302 0.628423 6.380304 5.848717 3.659523 6.806831 9.266110 4.629460 2.222979 2.654510 6.357379 2.677669
7.784026 9.750184 0.778804 6.800970 4.778738 3.052140 8.751967 1.959082 4.371625 2.798487 6.104767 0.637776 0.891923 6.761766 9.790618 5.309466 2.817063 8.856693 4.571684 4.605377 8.248708 9.925350 1.721128 4.134452 6.191443 4.931151 4.760177 6.461787 9.040428 8.419775 7.047627 9.262121 6.610397 9.901523 9.539138 8.999655 9.081811 0.411892 6.089670 9.595333 7.912353 8.991461 1.289335 5.138889 5.357125 7.000413 9.599235 8.209666 4.000745 9.753665 7.456888 8.656526 0.161633 3.671040 1.807486 9.233389 2.777366 5.634638 1.037605 1.542040 8.781395 9.774862 591.690908 1.814723 9.390022 3.482249 9.864209 7.262553 3.617037 4.306643 4.643108 4.479211 4.196145 9.595099 8.192129 8.513899 5.459174 7.060421 8.481004 7.814329 6.899514 7.679760 1.010830 1.457709 7.034925 9.357726 6.572961 9.978869 1.125554 9.257964 1.301793 3.975910 4.793200 9.469254 0.257998 3.562202 4.834674 0.716320 4.926202 9.613114
3.171475 1.921154 2.713315 2.155399 2.839223 8.650140 5.478605 5.147824 7.209413 6.074000 8.135441 3.644261 3.825368 0.806516 4.313739 0.300372 8.747533 8.579815 3.039426 6.396835 6.043810 6.852902 2.383737 1.029029 6.068038 2.589852 8.671557 7.427785 2.027759 4.959302 3.510856 0.006689 8.992232 0.281700 3.905201 8.820222 3.193782 1.816596 9.367271 0.742244 8.859760 5.694136 1.708748 7.357378 4.360760 6.141825 1.894397 5.721256 7.181578 3.180404 8.385487 8.320883 1.635424 4.348248 2.393773 6.822337 5.206183 4.857716 1.969935 7.683668 4.692439 7.192302 2.409275 509.389564 4.070335 2.820516 6.058862 4.870223 2.602808 5.502538 9.103307 9.926163 9.526502 5.603887 4.324481 5.323817 4.417107 8.119085 9.773402 8.037617 5.248261 0.143361 0.510647 9.293585 8.796027 2.070922 6.170650 5.967056 5.905482 8.220866 6.974805 2.822816 5.234406 3.612885 9.686939 3.136530 3.613740 2.350596 5.328795 6.286384
1.638255 3.113810 2.949866 3.926314 4.018857 3.430622 4.070079 6.773572 8.897175 8.861029 4.928381 2.031046 0.350050 4.168773 9.299945 6.580314 0.922879 4.356234 4.023346 1.339640 5.786769 4.053618 0.471993 9.554503 1.357748 3.798456 3.380523 9.820425 9.226754 5.545070 9.560447 3.482537 3.132306 3.304585 5.748214 9.895763 0.310350 0.452733 9.379879 8.231201 4.444087 8.041701 6.958850 0.873669 3.196059 7.366035 0.039428 7.035657 9.048284 8.540738 3.879283 6.788950 8.861624 8.868120 2.994893 5.157360 8.420810 8.859233 5.021347 5.874033 8.769597 8.316618 7.260205 5.944606 547.987672 4.906659 6.611105 9.368991 9.085003 5.630629 5.786757 4.707254 7.754267 5.911543 5.347750 6.621896 2.938899 4.074497 8.918847 9.594585 8.992774 4.352756 3.376668 4.079971 6.781127 1.807640 7.204468 9.589176 7.192057 3.512285 0.537325 5.545023 2.603788 4.540129 6.273699 4.012156 5.517544 5.504433 1.060496 2.647871
1.878334 0.591004 3.654479 2.649936 3.868377 6.780335 5.687170 5.294971 7.888554 7.864630 4.643369 2.210240 4.463564 1.857563 8.920954 4.974333 1.949216 4.573234 1.617504 9.824443 3.458581 0.564202 6.788725 1.877417 6.505306 3.486938 7.755091 0.587528 1.578628 9.870444 6.901764 8.151582 6.947487 4.159488 9.654877 8.091621 9.678110 6.499213 7.919844 3.066343 6.995989 8.946198 1.075895 8.476320 1.820828 0.197340 1.126634 2.092197 6.559946 1.459436 7.174694 1.579108 4.541828 2.323894 8.597845 8.337751 4.444840 3.066413 7.754391 9.588753 3.746888 9.527556 3.235226 8.073048 3.878032 467.864215 1.894647 5.439567 9.418738 3.331234 1.628151 7.343682 5.507340 0.773944 2.966465 7.759520 1.656097 1.023659 2.992213 6.682366 0.708830 1.252922 3.433668 4.852904 4.019974 6.603630 4.812387 3.954147 0.641393 2.595200 0.479725 0.281891 5.637280 3.873208 1.930956 1.529879 4.382018 4.492400 8.638963 3.551091
6.505467 2.151503 2.074724 7.391061 3.018995 2.881740 6.439941 8.439822 7.443503 6.123368 9.345281 3.387707 3.759218 4.743618 3.047544 0.498272 5.670255 1.261199 9.181822 1.746488 7.764695 1.798804 6.494590 7.143197 0.485044 1.144087 2.844916 9.913425 3.311008 8.565132 9.352043 7.485646 4.458108 1.909836 7.554419 9.543458 5.919629 9.380954 1.839040 4.421549 3.299114 8.550348 0.906819 5.935107 8.213393 7.966549 3.051682 5.363699 4.556013 0.489098 5.031517 0.232774 4.802262 0.791307 5.653930 6.942234 0.814013 0.827699 2.479980 5.135704 8.750002 4.858234 1.916016 1.769886 3.199446 3.593875 472.775149 1.855108 2.783986 1.570746 6.456221 4.677191 7.671295 4.744404 8.981103 5.891336 1.954248 9.736199 4.740074 1.206459 1.234919 9.415553 2.059660 2.381482 2.095998 9.246708 4.629161 5.626412 2.373695 7.576397 7.279434 0.231285 5.141664 3.796740 8.738004 1.161218 3.209652 6.896550 0.972959 5.732205
4.784080 5.744812 8.989961 2.043489 6.033664 9.967732 1.427200 5.308132 5.571057 8.711218 5.505065 7.891592 6.828315 3.967188 0.168277 7.733395 4.428584 2.916612 8.352642 2.288160 0.259852 3.508079 2.439688 8.368058 6.520412 3.072314 0.800101 8.726740 4.429155 6.093378 4.024446 5.812444 1.570899 3.113350 9.992341 2.188016 4.797160 3.381377 6.385126 6.915410 6.689972 8.604094 2.286033 2.959899 3.287682 9.338001 9.617477 8.938491 4.786971 7.609374 1.613257 7.010815 9.165727 6.084132 7.779449 3.005202 4.834402 4.119491 7.905168 5.710523 5.074483 2.849859 1.331191 3.431480 9.169872 5.060212 3.754209 543.807370 6.680960 8.800849 2.388070 5.613435 8.395039 7.755352 0.954538 2.958510 9.905306 9.181118 4.857622 9.756180 6.081269 6.783935 7.382263 8.819288 0.613278 9.631889 2.110756 0.629860 8.368490 3.772071 0.778199 8.238143 0.914383 1.103810 9.113758 7.295407 1.354171 7.868654 3.437263 5.945998
6.269324 6.388580 5.457178 0.257899 7.367445 3.030234 5.630693 6.674134 3.790443 7.435448 8.845505 3.163489 0.770679 6.936441 0.852122 9.375271 8.664324 2.879168 0.068974 2.676756 1.479687 9.379572 2.691560 9.946079 1.748443 1.198318 4.955766 0.513289 7.547157 2.323690 3.308896 9.401634 4.506461 8.128322 2.074726 9.652621 0.637175 3.827475 9.578518 7.611761 2.741444 8.995125 5.855551 8.911162 6.360429 8.131955 8.693049 7.889238 2.140357 2.068875 1.904410 8.508476 2.026333 8.768315 8.864128 5.746427 9.208234 6.204132 3.350353 7.683142 7.924416 1.137099 8.461171 2.149206 5.444645 2.310925 5.022540 0.577670 501.883378 9.029228 0.338189 5.770544 2.364970 1.469053 5.470104 7.421677 2.916141 3.152862 8.824590 3.719778 2.939057 2.336106 9.448467 6.747207 1.053967 0.182548 9.305367 0.596198 9.560939 1.961750 5.512691 0.196128 0.288750 7.958924 7.926161 2.704783 5.061141 3.341481 8.203074 0.320470
3.623720 9.404640 5.602393 7.819035 4.969689 8.529069 4.155256 2.296164 4.548843 1.624418 7.817892 5.588826 5.155842 1.902029 7.812461 8.883770 7.134798 2.821606 4.999925 9.342094 2.877584 3.702671 1.025638 5.694817 3.206951 0.460934 6.146454 3.518316 8.837715 0.640569 3.531663 1.216352 0.780912 2.435618 9.464918 0.078113 6.362184 4.242700 1.298454 0.218205 8.514801 3.568468 7.032444 0.095942 8.384156 3.480712 1.199309 9.736110 2.182225 4.968340 9.252181 4.428413 2.129927 9.268924 6.467738 3.600120 0.152269 7.128057 2.384203 7.436499 6.759921 7.598427 1.665114 9.129883 9.751793 0.695143 9.757541 5.574278 9.889763 526.088534 6.564694 4.560165 6.242029 9.791430 7.446390 5.176500 7.738136 8.335363 2.307436 5.750595 9.429362 0.764480 6.744946 4.291177 7.203884 1.306256 7.729953 9.002060 6.333889 5.715965 8.665460 1.140315 2.440483 4.075478 7.425070 4.488691 5.325244 6.755670 1.653486 9.356132
0.161188 6.387020 5.015225 4.644853 2.939656 6.954713 5.555161 0.885760 8.679852 4.099845 7.958203 0.153531 3.659058 7.408098 6.535962 4.948397 8.856057 3.551845 3.999818 9.035116 0.221793 3.605377 2.154351 0.854366 6.289852 5.198722 5.387910 0.021434 2.981791 0.883212 7.643899 9.160179 0.214658 1.851744 3.201804 1.964462 8.923555 7.957838 3.661728 0.053325 3.518079 1.618791 6.641390 0.022649 0.620437 2.483725 9.733705 0.199716 0.895984 8.680150 4.302511 2.948512 4.387590 8.579597 3.929234 2.998324 3.815648 3.383517 4.509902 3.589313 6.749817 6.663967 6.351317 5.199815 4.966658 7.124778 1.679753 9.058803 5.510014 8.967088 476.388580 8.892178 5.408546 1.285915 9.486569 6.799210 3.698741 0.589214 8.247557 0.253094 7.919674 7.401163 3.545294 9.422423 8.641056 8.115841 1.898800 0.344670 7.423926 1.118617 8.575416 0.279688 1.802038 6.975423 3.321728 8.310570 4.725149 9.082588 7.106874 6.729607
0.472326 1.624350 3.919336 5.000933 5.423119 3.002546 1.232094 9.708313 4.401716 2.934962 9.579056 7.621431 1.717383 7.493475 2.975849 9.970638 1.955454 1.536305 1.782465 7.183050 5.525736 5.602374 7.060351 7.764447 2.184131 9.516274 9.335347 6.224553 5.852197 3.769096 0.642992 8.544311 6.383359 5.776137 9.483038 6.716753 6.521854 2.358080 2.172122 8.877645 1.219735 6.088557 7.287010 5.826226 7.769605 3.850440 3.224642 2.154594 7.800614 9.077955 8.887912 1.751706 5.619866 2.640389 0.341665 3.218757 4.997390 5.211965 5.246670 3.242880 4.756899 4.158056 0.219617 5.153199 7.162811 1.197242 0.434817 8.166678 7.934325 4.266474 2.588968 509.211648 7.847540 4.194908 8.540337 1.619103 2.718766 4.038482 9.642474 8.906205 5.548146 9.127918 4.939812 4.232493 4.459264 3.554993 5.807373 7.478997 0.643226 4.399961 5.521570 6.174734 9.677869 1.255179 1.995251 6.975881 3.465410 4.515994 9.768022 8.268513
7.807561 8.019346 3.964384 3.672273 7.291017 3.578780 4.484344 5.959255 4.115977 3.801045 9.563863 0.276525 7.940735 1.352773 9.752613 4.163088 3.296677 3.730954 7.563296 0.479747 1.120043 7.493016 9.358708 3.575689 3.093192 6.206100 0.590617 6.998595 3.975928 1.685793 8.456828 4.914917 1.920680 0.484412 2.371038 2.600199 0.597432 3.283311 2.888676 2.243129 1.313903 9.585977 8.283251 3.313454 9.833113 8.396976 2.476971 0.444255 7.703076 1.164684 4.629566 4.439716 4.108611 6.432766 4.297580 8.522675 2.312389 1.081966 6.098361 3.008676 0.791794 3.962034 4.199456 1.226510 1.698226 0.955696 8.308695 7.666393 9.065506 2.698294 1.896990 2.392435 479.551072 5.027118 1.463796 0.302495 2.721970 6.483983 7.622012 4.703848 9.214743 5.816187 4.918760 1.245904 9.965573 4.004893 0.336139 3.554893 8.393989 9.713792 0.325438 4.243488 6.202526 8.131305 8.256609 9.599053 8.357814 8.119416 8.051618 3.677341
3.478580 1.082026 8.580273 0.639780 3.047264 0.678228 5.476768 7.404045 5.081063 3.470999 0.701782 1.642640 7.571581 6.969543 3.326408 6.606927 0.524921 6.114016 2.609361 7.906510 8.331630 3.031738 6.047364 3.048977 1.759875 8.333850 8.321860 6.249865 0.902089 4.975143 9.867496 6.926041 2.966387 7.242605 0.617181 0.173659 3.286983 5.727184 5.735511 9.637245 2.648902 9.824262 9.132378 8.708882 0.170437 4.748795 5.408092 8.654614 6.262322 2.417295 5.414387 9.665585 8.421821 9.743509 8.999857 7.535054 0.939682 4.246219 2.073649 7.772523 7.934640 2.451951 9.888047 4.773592 1.081752 0.273821 9.555767 9.039206 7.931106 5.316045 3.013075 4.771728 2.251565 489.399832 4.470640 5.496430 5.087013 8.529446 3.130735 2.527024 3.445453 3.942093 5.048838 8.367584 2.632246 5.816470 3.124261 1.077380 1.064003 1.925570 5.020998 1.106685 0.283238 1.300174 0.578081 3.135098 9.983099 8.405008 7.399301 3.156025
1.038672 1.320149 0.558542 4.613671 2.665681 8.366305 7.395743 9.747476 1.786987 8.112355 5.400166 4.822091 8.572252 7.692146 9.678347 8.594249 8.669554 3.269111 4.816829 5.145575 3.602469 8.662287 0.592868 3.978969 4.043864 6.899362 6.899503 8.956017 4.912431 6.598139 3.208912 3.499758 4.156232 6.148924 3.884771 9.453771 0.765072 8.905509 8.122703 2.792853 8.404559 2.087523 5.709428 6.202310 5.694536 3.143794 8.569123 6.944894 5.594818 6.384685 1.429310 2.975926 4.134217 7.506799 6.704986 2.256295 8.802727 1.267988 0.779678 9.276659 8.423118 6.123703 4.249293 6.749687 4.675764 4.363794 9.769886 9.012584 3.188544 6.276199 8.305527 6.350598 7.972349 5.186237 577.799985 6.460728 6.454265 6.704452 1.538301 9.876002 1.751132 0.764682 2.582970 3.114842 7.943376 7.996430 0.798287 5.816825 8.987397 9.146746 8.673573 9.752216 7.664219 7.068576 9.905794 8.157304 3.504624 1.912754 5.131465 4.217952
4.332944 8.278685 4.555069 8.952488 4.125511 4.473950 1.189862 4.996420 6.348974 9.149147 5.667463 6.003230 3.773239 6.377752 3.367997 7.976398 1.428802 4.395593 8.943722 7.256788 7.535882 6.603544 7.297107 6.095088 1.889577 0.669078 3.412437 6.652908 2.415069 6.275331 6.598080 1.219788 4.431060 6.796239 0.581615 8.216823 4.800802 6.316978 4.640255 1.683100 9.724608 1.313031 3.965309 7.385506 5.958476 8.755400 8.120834 6.228848 9.566348 2.114483 4.409166 7.400754 2.842031 3.523575 9.207087 6.990873 1.642696 4.741283 6.819053 3.106619 6.308687 4.541953 4.377978 4.829047 4.723213 5.555652 0.519592 5.324885 6.828317 8.798271 0.939832 3.311421 0.136417 3.885999 4.763947 492.554693 2.947888 6.408863 5.529565 7.882476 5.778670 1.676993 5.562301 5.041237 1.195046 6.223209 0.757693 1.881681 4.331763 8.613209 2.589087 3.727372 7.384935 5.372037 4.417520 0.292140 7.665857 0.955394 5.134948 0.047783
7.746605 7.493155 7.885279 5.016931 1.669219 6.051639 8.429507 0.611127 1.675762 1.088131 2.293753 1.467682 2.641982 2.033670 1.929393 4.962645 5.382248 8.522517 6.050636 5.112787 6.545797 1.663224 8.619667 1.668109 9.442329 1.091090 4.958444 1.260879 5.313570 3.188237 1.458895 1.704424 4.064160 8.559130 9.418873 6.979818 6.373608 3.987563 6.386646 0.611033 4.153309 8.826868 9.892269 4.527979 4.082820 6.330389 7.029192 9.855391 7.487557 2.285946 8.008139 0.534713 6.081079 2.948638 8.857099 4.485314 8.115034 5.864678 2.146472 6.460285 8.869791 5.557997 9.377286 7.561342 1.959902 9.387350 6.143696 3.124681 0.724197 9.254983 7.787185 1.911429 0.740918 0.533156 6.979490 2.538589 515.591321 2.479357 9.883089 4.191302 4.183453 8.322493 0.106645 9.755350 7.899586 8.770366 0.109105 8.832840 3.316504 5.162447 8.054519 9.328564 0.886605 2.082733 9.595172 4.731321 0.784281 3.539197 2.583108 7.898269
8.140577 7.370777 5.773351 2.152452 9.188922 3.533154 2.557526 3.312363 1.400697 4.546995 3.282247 2.112246 0.727909 2.346246 5.565043 6.184645 5.000933 2.311351 1.735773 0.020518 5.965523 0.534562 1.210865 7.831935 9.533088 0.956397 6.028398 0.033990 8.410368 7.712790 0.849247 7.614868 3.718915 0.037557 9.766136 2.468127 9.142321 9.407115 8.868851 1.354296 4.030883 4.071228 5.097487 2.232209 7.869445 4.179351 3.802978 0.829956 2.004226 5.752299 6.030891 4.287858 9.234119 8.337973 1.436352 2.916376 2.101134 1.411873 3.142999 5.160099 6.337225 0.151665 3.950698 1.817317 6.312769 0.692996 1.633445 2.922921 6.285432 8.165053 6.283558 9.821494 9.393682 9.382024 2.934716 4.770002 5.141962 465.290849 9.758738 0.010668 9.154271 3.695376 8.624311 8.069585 4.314572 7.656371 5.416743 3.551887 4.271198 3.324225 2.114394 4.681751 5.357169 2.109296 9.753429 3.449148 0.457084 6.347474 2.872696 6.301350
6.305593 7.541669 6.395544 9.369490 4.870762 4.964157 3.719583 7.423339 3.663914 9.441232 6.912089 5.787604 9.062669 9.817847 1.137679 2.318005 8.692005 2.417496 0.525305 4.938651 7.439956 7.415913 2.316010 5.460168 6.199393 3.869583 5.643533 9.764592 5.733880 6.010858 9.901281 4.485084 4.228178 5.391792 5.422201 6.337074 1.488740 5.479333 3.239251 3.509858 7.607529 5.593487 0.505205 0.519507 8.631573 7.480008 3.927954 9.215881 5.791582 4.093440 5.319261 9.547282 2.269791 8.473727 2.630939 4.523148 7.399056 3.263150 2.119124 9.717159 1.816195 5.638517 4.963029 2.640359 4.724431 7.818237 2.656125 7.984681 5.907179 9.982374 1.794668 1.396458 4.344952 0.709287 7.115263 8.848953 4.435354 3.384573 545.879049 6.116943 2.473683 8.284171 6.463537 9.203642 8.453697 3.538044 9.094299 2.386194 6.459074 6.120961 7.006532 8.329415 5.183718 7.366344 3.855091 3.512883 1.051402 0.148347 7.387401 4.141786
5.142173 8.675034 9.570394 6.481531 0.556192 4.557154 9.142857 7.314995 1.360798 0.715952 9.788420 0.840679 8.295158 3.229022 1.106732 4.177317 0.132281 4.807793 7.588182 8.696468 0.474319 6.969909 5.933517 1.901977 6.770290 9.683292 5.910284 1.229250 2.071423 2.048296 2.617358 5.085345 9.862553 3.337405 1.976686 9.515563 0.280775 1.633443 7.633740 6.829839 8.441129 3.370523 8.809876 5.002366 3.004468 0.190360 2.715269 4.622939 7.217035 7.740282 2.444150 2.637714 5.256416 7.034531 0.988813 2.492818 5.202187 8.914281 2.828660 1.074207 3.201218 9.834186 7.948314 2.723892 2.220613 3.550174 7.971651 4.608948 8.673764 3.018507 7.866649 6.120501 9.791454 1.355945 9.105995 4.039114 9.815421 0.477475 6.263073 488.299962 2.372794 1.317580 3.107149 3.464696 0.498940 7.835442 4.039653 5.175653 4.842230 3.438932 1.742384 3.913635 9.834585 1.262054 3.972983 2.527573 3.648867 5.288360 6.729387 8.840397
1.576475 8.107750 4.547305 1.549405 7.104788 1.475295 8.370153 4.464416 3.966977 3.462714 9.399968 2.444108 6.719370 8.294543 8.977078 4.734183 6.490283 5.176651 6.089653 2.140825 7.468048 0.480754 8.023701 6.174613 3.296287 2.553683 6.067165 7.578846 4.466893 2.850399 4.407208 9.538986 0.698603 3.916144 8.330393 9.433049 6.493614 6.848343 6.338076 0.578587 1.696971 9.067524 6.068292 0.602467 3.323330 4.154835 4.390156 8.978469 1.211265 7.809216 9.745606 9.545145 7.208361 8.191758 8.403455 5.592008 9.981220 0.973429 3.440618 7.410558 3.132222 8.387686 3.550418 8.348995 8.779320 9.675050 8.131570 9.596454 5.492161 6.987286 4.997823 1.127023 3.193164 7.143487 1.337171 6.513125 0.784786 9.178991 0.380906 9.656580 568.163690 6.301390 3.767830 3.677175 8.867913 5.910269 5.708906 2.326521 9.577630 4.399613 5.644654 6.657930 9.163382 7.921076 6.776573 4.030817 8.319599 6.903280 4.552284 2.639536
4.775652 2.766215 1.487592 1.606838 9.585578 6.992739 8.151613 6.949430 9.195587 9.392445 0.245228 7.090767 0.061598 0.006906 3.023933 0.518922 2.747891 9.227553 3.320112 8.692206 0.238365 5.493496 3.229477 2.511618 4.233304 2.761568 3.291482 8.275996 3.527425 5.100017 5.537742 9.708942 3.127891 0.602735 5.391268 0.734360 7.376588 7.048005 7.608383 4.294886 5.111271 2.729019 4.860480 1.984196 7.800956 0.312808 2.900757 7.140303 0.679736 0.661501 8.376091 1.007300 3.949746 1.937267 4.158559 0.976802 3.736169 5.124447 2.735682 7.848324 2.436053 7.110598 5.005258 0.909053 0.653410 7.527459 5.500363 6.623544 4.255043 8.155612 1.435987 3.297023 0.506109 0.996617 2.275163 8.535181 6.013898 3.061650 8.692207 3.610974 5.098584 450.714248 0.491871 3.875283 2.870234 9.861516 4.578903 6.652928 0.243764 6.330229 9.092236 2.698708 6.146626 8.292099 5.591493 3.017634 0.747845 2.144462 4.253858 4.848974
5.030626 2.169583 8.709705 2.936575 7.528040 0.939447 2.742286 6.455770 8.551958 7.142678 3.974056 6.742070 1.620262 5.556424 9.792384 8.421901 1.420580 7.654104 7.177270 4.388999 9.890329 8.250267 7.600459 7.567917 7.664040 6.818700 0.411793 8.032564 9.723543 1.919721 0.393895 3.678439 0.713724 1.555760 5.572884 6.442233 2.105227 7.142827 5.892846 8.098048 7.517214 2.187655 9.071629 3.964496 4.041840 1.719308 7.127591 5.773815 7.590354 6.403664 1.090242 6.935570 7.404555 7.970364 4.723293 0.918018 0.995003 2.730313 4.478373 9.860178 8.717198 9.501864 6.666450 8.291911 3.947959 3.623881 6.920981 1.278616 6.131296 3.236412 7.868826 2.977692 4.982664 7.856090 7.252852 9.662284 3.228505 3.093121 6.785649 9.186982 6.888905 4.003566 556.062784 4.572451 5.721625 3.823058 9.091417 9.707412 4.620783 8.166539 6.163764 6.784806 5.267359 7.705320 1.273241 8.317621 3.949552 0.445342 4.162860 2.625220
6.179605 7.283266 2.440110 4.053886 3.729036 4.505182 3.912360 6.766124 7.449467 5.456537 8.404717 0.910054 6.510192 8.646081 7.884758 2.124076 1.438420 3.162013 9.928919 6.190990 0.273395 7.835293 3.725982 1.173575 3.549411 4.669314 7.789699 6.018506 2.073458 6.769019 5.672114 5.976811 6.621747 3.113248 6.395488 8.473770 3.776855 3.917482 6.868816 2.791898 0.460083 6.379032 4.733628 1.871789 8.646772 2.020687 2.931572 6.785401 8.323716 9.158688 2.720963 0.157376 9.052351 8.514606 3.540894 8.290089 8.729769 1.998684 9.438600 2.549691 9.478638 9.807209 0.784852 1.099814 1.841844 0.097980 5.775501 9.742647 8.291583 8.873989 1.829017 7.643692 2.813347 6.279077 4.776604 1.691567 6.323313 7.896591 0.828144 8.888300 6.354002 2.995824 0.377354 535.838981 6.147216 8.649664 6.910620 9.553469 5.660012 8.933226 5.016526 4.818761 7.693172 2.400321 3.884923 5.413088 7.665452 9.673146 0.014558 0.961693
6.838175 7.607286 5.647057 5.509680 3.737500 8.570431 0.264436 2.118584 5.780261 5.535150 2.428241 6.252603 8.493671 1.876892 0.203033 2.232884 9.147459 4.270067 0.198911 6.859320 5.962904 7.743541 7.880035 3.240104 3.534688 1.762647 4.202782 7.697813 6.361532 2.715823 1.426895 8.152771 8.085577 5.004997 4.812709 6.943372 6.584594 9.641961 6.798223 4.846951 3.726271 5.224518 3.781139 6.741999 5.684718 7.439151 1.956113 5.889635 0.734660 1.754295 8.974769 9.967955 9.834544 6.529696 2.677398 9.533196 6.625804 1.442236 4.140153 3.851968 7.117422 7.783102 2.173072 8.675973 4.087799 1.032532 8.919472 5.721625 1.814559 0.214272 7.773825 6.563507 7.003500 7.807451 2.669667 6.693910 8.877048 9.839962 7.639276 7.154647 1.159396 1.367530 3.850189 9.230439 533.244188 8.071936 5.339246 3.370649 5.100485 9.534897 4.059256 3.754782 1.653896 3.541909 5.496612 0.475685 8.845227 4.299035 1.685947 2.844661
4.658447 1.194212 9.335950 5.547106 1.512532 6.036214 1.083085 5.145714 8.393378 7.905515 1.946121 4.797872 2.846759 4.579730 7.708373 8.031348 8.794934 6.820551 7.768659 5.353198 4.380144 4.275372 1.690230 2.276220 3.954571 6.787590 2.220489 8.291888 0.454296 7.964371 0.307422 0.543916 7.024511 6.837726 3.766526 6.224334 7.963919 5.659966 7.806863 1.465667 5.657223 9.674359 8.710620 4.307839 9.921654 8.087896 5.051792 2.869547 9.746632 1.777827 9.234099 0.769833 2.089840 2.657226 5.151882 0.850119 7.193854 3.567687 4.119769 3.575690 1.350115 8.579248 8.848988 4.788715 9.121076 8.796950 8.181631 1.547422 0.595092 4.471390 1.645489 9.103552 4.150879 2.764726 1.953392 6.395610 4.210509 6.333656 5.597944 1.542719 0.377707 3.304543 5.759893 9.663898 3.688371 514.284526 5.549439 5.667401 3.441607 0.795796 8.587473 9.555291 2.444934 8.357488 7.513875 8.058771 8.831990 4.073633 3.435613 4.669853
0.512843 0.908817 4.575380 5.746175 6.984202 5.214332 1.672935 6.830743 8.351408 6.156912 4.983706 1.769493 4.063730 5.233464 5.278591 0.219223 6.403801 1.646188 6.470168 4.820255 0.006535 0.269399 7.684355 4.705791 8.005950 3.632427 2.763651 6.337983 3.446570 5.077274 8.835383 8.549355 2.102053 2.365478 1.181410 4.281802 4.038788 2.138740 5.260841 4.843838 4.537206 2.117323 7.038123 0.192492 0.486250 9.052455 0.005488 6.492082 1.172945 8.965027 0.435023 0.169016 1.382591 7.147236 0.635892 5.948278 1.074501 5.960985 4.999787 4.796362 0.377215 5.953479 3.771668 7.935418 4.833344 1.282521 7.912765 1.026662 4.029825 5.527607 1.231187 2.322562 1.859184 8.408901 6.258823 7.822682 0.296264 1.411948 0.839041 4.905699 3.223411 3.587769 6.328113 4.110206 4.299647 0.344884 416.941213 3.690086 7.288593 4.105475 0.460345 6.573055 5.965289 0.340075 0.484093 8.312445 2.555967 5.666742 1.329486 8.370497
6.638672 1.395872 2.757089 9.988004 3.801104 2.816288 7.560048 3.886922 1.101584 6.482324 5.841988 7.006646 1.218724 9.963069 7.786077 6.244708 7.748910 5.372237 7.120734 2.750309 5.679125 9.535779 8.624503 5.138120 9.064696 9.654691 6.551453 4.723756 4.612211 8.851793 1.348162 0.941326 1.774904 4.523242 3.041591 5.130306 4.986179 9.442565 0.608362 7.305351 5.361123 7.077734 4.921168 6.437143 7.430973 5.260023 6.400245 1.293638 7.510792 0.194664 3.566443 0.199957 7.063020 3.699828 5.514450 5.066431 4.582923 5.082987 3.367909 8.554618 8.150494 8.849830 2.946209 6.316310 8.503803 7.240942 5.494270 0.755128 9.444194 0.379982 2.647238 5.585625 6.846824 4.379726 2.036334 0.934279 5.327116 5.148680 5.232423 6.899280 9.449638 7.150812 7.744792 9.556707 2.883097 0.361271 8.129376 526.833908 2.910533 7.070912 5.445617 1.813503 4.421486 2.002973 8.407938 3.579029 5.900894 8.702279 3.274939 2.664770
8.627306 1.485949 4.362188 9.661988 8.491544 6.148571 1.580940 2.156223 8.994266 5.608795 7.871425 3.708145 1.607976 5.701942 8.962478 3.655259 4.864925 8.429224 7.280816 4.291954 6.717543 6.973792 2.150199 7.170468 8.718287 3.955016 9.443697 2.665261 3.775435 1.348615 2.794952 1.679432 2.574654 2.453406 6.912552 5.503143 8.844420 5.480161 6.744136 9.615678 6.855504 0.019003 7.711167 0.292248 1.187570 3.213363 1.560220 9.474928 4.621588 6.006831 9.586435 5.750788 3.610329 1.172109 2.434568 4.143937 4.700533 8.059516 3.339466 2.419884 4.818826 1.838529 4.286878 2.499600 0.224556 4.298888 5.812392 2.009616 3.174896 3.840747 5.679052 5.143139 3.070495 2.435437 4.600424 0.864565 0.147648 0.128404 1.541272 8.261815 9.224051 8.192416 8.175393 9.456160 6.036604 5.568841 3.929636 4.548268 489.983845 0.271384 8.085767 4.000871 2.891492 8.883065 2.262408 4.366006 3.220596 1.683762 8.017727 4.760486
2.778392 8.834322 5.980547 5.893959 7.625161 2.041779 1.187200 9.424634 0.513448 0.457418 0.484157 2.073497 3.123118 5.106725 3.594613 0.812101 6.194570 0.594621 7.058246 5.459666 7.337936 8.520321 9.954924 1.727052 5.170920 5.131436 8.487638 1.544021 6.983201 3.344774 3.482830 4.467066 7.356577 3.335517 6.348523 6.026839 0.101817 9.054215 6.127063 6.268711 5.534442 3.090041 5.644703 2.611963 5.804363 9.261797 0.274577 2.096901 0.965919 3.057529 6.402411 4.472755 9.055213 5.731908 7.181560 3.844303 8.100654 6.913829 1.654472 7.132918 1.878186 9.888990 1.090838 9.045613 9.817275 4.824783 7.992512 0.856748 7.749147 7.494658 7.724471 7.215293 8.372582 5.287850 2.408710 9.331281 8.792874 9.623808 8.107060 3.278855 1.540534 2.715200 2.142911 8.306287 8.651950 2.364928 5.302924 1.089834 1.344233 502.838454 4.701423 4.851315 3.463167 8.765043 4.157434 5.941822 2.542262 0.671745 1.236489 7.502228
4.195742 9.373505 7.050250 2.829522 0.226377 2.383509 8.955507 1.250765 8.249445 8.786711 9.356214 1.842142 1.090735 4.428424 2.425701 7.915599 3.176558 3.626634 6.336255 7.143102 6.533149 4.953079 6.348512 4.522070 6.813333 3.658950 1.887667 3.631518 8.539465 4.528893 7.018680 8.701914 9.068009 9.023250 1.623583 5.102961 9.350599 5.141566 8.035515 7.726648 4.344919 5.615365 4.957368 8.560736 1.078176 7.954694 7.196150 4.974383 0.686378 3.717517 9.987551 4.113416 8.652380 6.144775 0.993255 7.583796 1.939696 7.868412 5.456462 6.301308 6.388685 6.368709 6.663248 0.148148 3.753274 4.459174 0.261912 4.865169 8.761132 8.255274 1.502849 6.789254 1.326200 5.604388 4.810789 1.384152 9.770485 0.428639 1.456604 7.642586 5.919741 2.800493 3.152459 4.248166 5.919382 4.674380 6.440539 9.525820 3.695428 5.602059 531.362077 9.522961 4.492030 2.831391 1.958810 4.137450 9.608786 2.013845 0.475788 9.670576
1.871328 0.056074 9.956821 6.077480 4.455686 5.487046 9.137462 5.221089 3.919321 5.240263 8.503319 1.341584 2.569758 8.714457 6.179075 1.855460 1.513177 5.190742 6.132580 9.119730 6.415792 2.196541 3.442760 1.275109 0.187786 1.261692 6.486602 4.889845 8.642560 8.035821 3.165074 9.437174 2.406805 2.439336 9.233562 0.154920 5.803592 7.181571 5.687322 9.820150 0.000535 1.851130 5.389478 5.488758 5.431986 4.949687 8.631954 9.873673 6.871956 0.988187 1.247869 3.975526 6.670606 7.829081 0.541470 3.595943 8.752791 4.601715 5.076766 1.309623 7.100466 0.645955 4.735346 4.063265 0.014482 7.338253 5.216357 8.232604 0.309349 5.294577 5.592156 4.758412 0.141556 6.075232 4.700407 0.440067 2.019507 7.139793 6.659182 2.046230 6.887429 5.133178 9.401254 5.132737 4.082900 1.052067 4.799449 9.289800 8.665902 0.343386 7.362072 492.938121 5.675542 8.762248 9.431601 2.045436 0.273661 4.015405 8.235510 9.794380
2.453807 4.598217 0.414086 1.074992 9.235076 4.127476 7.023310 1.762972 4.102276 5.551762 4.241795 8.059177 6.850949 7.425128 9.399696 3.512272 9.894946 3.952370 3.713978 5.361298 7.422367 4.996041 0.271560 9.991745 9.928044 2.140530 6.635484 1.511159 5.245097 9.517360 3.825026 0.826715 8.081559 9.638069 2.257371 6.632277 1.734601 3.453138 9.713774 8.180268 0.659875 1.956936 8.123509 5.833092 0.015558 8.989235 1.672992 2.683634 4.462584 7.395239 9.436730 7.705054 0.111701 8.155408 3.519229 4.913496 6.313510 1.229463 6.765904 9.536881 4.453925 2.356835 6.045786 1.894899 0.215550 1.774773 1.859484 3.686086 2.539935 7.014208 8.984577 7.219447 3.597342 4.286914 7.016918 5.507086 4.439404 0.563745 1.573797 2.291056 8.850154 1.267025 0.057336 6.074153 0.256498 2.628900 5.424942 0.356550 2.447244 2.706793 3.514045 9.024687 474.205289 2.285463 0.641222 7.113248 7.152362 2.604595 7.887212 7.353848
2.737130 3.674139 9.840374 5.802340 2.691236 8.983511 2.911361 3.825834 0.513744 2.273414 8.678431 6.345520 1.257391 7.775207 4.425976 4.410102 0.973378 4.145022 4.711386 9.648190 1.988736 7.837759 8.442948 8.256873 8.674263 6.966209 2.716557 2.415559 9.232051 9.064479 1.823713 1.423778 7.021303 5.130006 8.449454 1.231876 3.299649 2.157875 5.746463 2.804789 6.048393 0.836654 6.672792 9.379848 7.625260 1.387274 1.674263 4.827262 7.232771 0.112510 5.439456 4.545443 7.290984 2.978620 5.822817 4.068959 2.965906 1.107617 2.824093 5.712101 2.546401 7.237073 0.933383 1.169003 8.108954 3.070391 9.969560 7.011034 5.276250 4.926972 7.506927 4.884316 1.979509 2.878660 1.822729 7.075591 6.855982 5.284581 5.094132 5.927896 6.985862 5.764013 0.004792 4.327763 0.824326 9.927082 4.452715 4.601327 5.562436 7.022461 3.890634 8.794229 5.398392 503.641028 5.231609 0.377711 6.236491 7.236188 8.461296 3.575097
3.082697 5.679763 6.142267 0.375413 6.134753 9.321034 9.487261 1.578246 2.947403 8.800832 0.585802 0.480331 1.396512 6.904302 9.782182 6.622237 6.205163 3.268956 6.558137 5.085326 2.925020 9.292573 4.737443 5.413090 3.957901 6.820513 5.396464 1.958855 1.593822 8.488282 5.913238 1.590762 9.550715 5.708193 7.806436 1.132087 5.014206 0.828302 5.595068 1.179380 8.455350 5.926005 3.868051 7.463851 8.298946 6.187842 7.763069 9.792317 3.327521 8.766153 2.916070 3.867513 1.389600 0.234768 5.116612 4.401494 4.121648 8.545009 7.406961 0.005388 8.463959 4.300456 4.169342 9.070488 0.897075 9.491817 0.840280 2.185045 0.114931 7.180664 7.623416 8.324061 9.205716 7.639175 7.567601 0.421678 1.505272 0.221234 0.700537 2.749076 6.214931 5.278754 6.495526 3.232192 0.126086 1.719780 4.515467 4.882401 9.583505 6.193566 3.939803 8.056602 7.563855 4.472926 501.526257 7.919650 7.216603 0.558697 6.873602 3.074786
1.014072 8.929694 8.030140 2.025565 1.856909 2.309956 2.816713 2.253135 6.804966 0.515838 5.746035 0.780131 7.421191 4.254211 6.150831 4.884376 5.510002 4.971631 1.525885 2.773751 0.985018 3.073759 8.064455 2.707996 8.200743 6.193270 2.528787 5.517956 6.088750 8.591078 9.341960 2.406574 8.497194 3.111128 5.308407 9.938088 2.104611 5.252039 1.448784 2.787668 4.300747 3.377139 6.983141 6.924268 4.876974 4.583037 7.631863 5.570610 2.182272 9.219644 8.310328 9.216650 3.397991 7.991499 1.084215 9.804718 3.137660 4.975332 5.843155 1.898458 8.238476 8.448797 4.704713 1.818389 7.481593 7.311555 8.627533 4.630886 2.182365 9.518680 4.201760 4.294252 7.972556 5.804739 5.775017 0.841147 3.307751 4.838482 0.772216 8.173315 5.063915 7.382019 0.694293 1.516106 4.471193 4.378701 9.673441 3.119322 5.941480 3.569216 4.322481 6.929012 2.823485 7.943922 1.083438 511.317284 8.778772 8.343201 0.354042 3.894746
2.300756 2.921401 2.469251 6.553125 5.776752 8.052604 5.394249 1.842648 1.652581 0.203191 6.860484 9.644931 8.850794 6.900889 4.283904 6.124716 9.394042 7.420509 1.984213 3.457023 5.532120 6.161353 3.741331 4.600726 1.652322 5.469400 8.957868 7.188922 2.345487 2.910873 2.757956 0.749773 3.668799 8.310897 7.409965 8.710387 8.449461 8.392215 1.459521 4.425014 2.761083 9.270595 0.317197 4.165607 9.854220 7.853744 5.794003 8.356044 4.068520 7.934094 7.603196 4.850673 6.473897 7.023223 2.595060 1.756706 2.071803 1.134242 1.530434 7.705919 8.141041 6.690359 8.660443 2.773527 0.532710 9.072641 9.086408 7.009100 4.432182 8.673841 6.527797 0.981490 0.290616 5.335202 0.094940 3.011539 3.286471 2.123424 5.383959 3.724152 4.823616 1.311039 6.488847 7.253494 6.840613 5.252702 5.870442 6.687390 4.559253 0.520925 5.008167 8.399283 1.862691 0.154459 3.769139 9.315073 504.222304 9.816048 1.796569 2.520188
4.008085 5.792132 7.325400 9.339780 1.650122 3.481207 4.713589 8.281433 8.410769 2.631238 9.434014 0.474371 9.619014 8.653283 3.333112 3.771742 9.036644 7.697337 9.111466 5.362835 8.322846 3.094129 4.447643 3.305463 7.329150 2.685415 1.339215 2.103916 6.772821 9.927179 1.477323 4.871226 6.655587 5.539627 6.377228 2.469630 7.085975 6.046011 9.164720 9.317090 3.620296 9.369175 3.174015 9.444640 5.555839 8.668932 2.187295 9.039488 5.126379 5.932516 9.354203 3.910544 3.412697 8.988796 0.934725 8.532391 1.334002 2.055834 7.569290 1.257909 5.630590 7.214687 2.714877 6.794830 3.941707 3.280377 8.884417 4.575739 5.546383 8.344874 0.808801 9.017835 1.187730 1.559423 1.793088 8.307654 3.088355 4.544773 3.310562 5.103373 1.395276 5.092720 5.923580 3.853773 0.965170 2.918501 7.139451 7.244964 1.243288 4.348405 7.945612 9.133272 9.337714 8.626104 8.855928 0.086360 1.722767 537.541978 1.542528 3.162882
0.918431 3.232456 9.689289 7.689940 7.086218 6.321281 1.258158 7.566291 1.339077 1.531893 1.533139 1.598255 8.565323 7.615399 3.164592 9.247565 6.286820 8.587054 6.413964 4.428433 8.467070 3.460614 3.277160 9.785131 0.797246 7.314425 0.808449 3.980105 9.433699 7.098295 6.636848 9.272831 1.507787 0.892407 0.621049 5.874048 5.016179 1.101841 4.291685 2.214405 9.055670 9.055202 8.137707 2.686226 2.166552 2.676444 3.768886 5.799453 7.011456 9.182894 1.405130 5.764661 1.219994 7.390622 1.715778 4.672269 0.845786 3.369656 8.141711 8.680733 1.780759 5.170390 3.625532 2.223697 6.697352 6.098658 2.358245 8.065430 6.143406 8.159086 1.793394 7.056538 0.030127 7.072215 9.788719 7.528353 9.189253 3.587923 2.416969 7.966580 5.083033 1.144517 0.017356 2.581982 2.312271 6.916331 6.488274 2.844779 7.525482 1.026554 0.138517 3.095950 2.410369 4.026963 5.844696 6.045713 4.591055 6.519131 484.247029 1.895303
4.610075 1.675980 3.405778 1.719917 9.080019 0.206957 7.719936 6.742191 9.666717 3.230223 1.896132 1.961877 4.491075 9.493700 7.334465 2.601075 4.765803 5.242631 8.959860 3.330449 4.638004 3.555201 6.587611 6.410271 2.171248 5.174402 1.997659 5.213638 3.935223 3.148749 2.456806 8.869356 4.175142 4.486858 6.995257 3.070831 1.331366 8.357665 6.515612 9.558751 7.160347 2.510163 3.585494 5.995806 5.675842 6.718866 9.308422 4.160701 2.581996 7.823323 1.940166 1.915379 1.815724 5.667896 8.534426 6.281304 0.691750 1.391301 2.744948 0.357442 8.552074 0.625870 4.109333 0.600343 1.448786 9.510353 2.696145 3.816160 5.180539 7.237871 9.992112 7.714362 2.748881 9.968013 0.086252 2.840888 4.083690 0.904283 5.360034 6.699760 6.999901 6.581970 5.126117 6.635420 6.579097 7.138983 7.336217 1.993240 7.362625 1.158875 3.478281 7.415232 1.791385 7.513333 0.634148 1.645775 5.128950 2.844324 2.716157 476.410271
