2313.739880
2678.219169
2720.369211
2794.182860
2393.406622
2476.575539
2652.293901
2312.455692
2386.759133
2680.952964
2590.386168
2427.529281
2077.097097
2470.732348
2577.249609
2585.475917
2549.092152
2557.620015
2431.473838
2559.641928
2443.417373
2589.233578
2658.625614
2599.166205
2456.995763
2534.457813
2674.027765
2496.483496
2277.714902
2702.126807
2802.062901
2666.607089
2507.533360
2438.657959
2466.787758
2538.088288
2337.324574
2601.960544
2618.166577
2533.294982
2413.259354
2271.080332
2565.905782
2633.613739
2482.691492
2600.865387
2489.211053
2314.461362
2356.963736
2667.379068
2534.438946
2256.021466
2218.323640
2566.375169
2689.651564
2530.538989
2232.377914
2675.491179
2441.514999
2566.391662
2667.964221
2369.547265
2932.559553
2526.758242
2707.782479
2308.276872
2341.037552
2685.935554
2480.324456
2604.638022
2366.455737
2539.683330
2367.470817
2431.546711
2841.481877
2445.895863
2549.682391
2313.045890
2704.717394
2411.681417
2815.335769
2210.291161
2753.745676
2636.229456
2624.925921
2556.030775
2044.908103
2622.571624
2408.521754
2499.383823
2624.179105
2449.076193
2358.527834
2476.839610
2488.279861
2511.443217
2501.016995
2659.147699
2400.449026
2360.779645
